"Drag Convergence"
"Flow Time" "cd"
1.60250e-01     1.06366e+00
1.60500e-01     1.06309e+00
1.60750e-01     1.06246e+00
1.61000e-01     1.06179e+00
1.61250e-01     1.06108e+00
1.61500e-01     1.06035e+00
1.61750e-01     1.05958e+00
1.62000e-01     1.05879e+00
1.62250e-01     1.05800e+00
1.62500e-01     1.05720e+00
1.62750e-01     1.05640e+00
1.63000e-01     1.05562e+00
1.63250e-01     1.05487e+00
1.63500e-01     1.05413e+00
1.63750e-01     1.05343e+00
1.64000e-01     1.05277e+00
1.64250e-01     1.05215e+00
1.64500e-01     1.05160e+00
1.64750e-01     1.05111e+00
1.65000e-01     1.05068e+00
1.65250e-01     1.05032e+00
1.65500e-01     1.05003e+00
1.65750e-01     1.04983e+00
1.66000e-01     1.04972e+00
1.66250e-01     1.04972e+00
1.66500e-01     1.04981e+00
1.66750e-01     1.05002e+00
1.67000e-01     1.05035e+00
1.67250e-01     1.05080e+00
1.67500e-01     1.05139e+00
1.67750e-01     1.05211e+00
1.68000e-01     1.05299e+00
1.68250e-01     1.05401e+00
1.68500e-01     1.05519e+00
1.68750e-01     1.05654e+00
1.69000e-01     1.05806e+00
1.69250e-01     1.05975e+00
1.69500e-01     1.06163e+00
1.69750e-01     1.06369e+00
1.70000e-01     1.06594e+00
1.70250e-01     1.06839e+00
1.70500e-01     1.07104e+00
1.70750e-01     1.07388e+00
1.71000e-01     1.07692e+00
1.71250e-01     1.08017e+00
1.71500e-01     1.08363e+00
1.71750e-01     1.08730e+00
1.72000e-01     1.09117e+00
1.72250e-01     1.09524e+00
1.72500e-01     1.09952e+00
1.72750e-01     1.10399e+00
1.73000e-01     1.10866e+00
1.73250e-01     1.11353e+00
1.73500e-01     1.11858e+00
1.73750e-01     1.12381e+00
1.74000e-01     1.12922e+00
1.74250e-01     1.13480e+00
1.74500e-01     1.14053e+00
1.74750e-01     1.14641e+00
1.75000e-01     1.15244e+00
1.75250e-01     1.15859e+00
1.75500e-01     1.16485e+00
1.75750e-01     1.17122e+00
1.76000e-01     1.17769e+00
1.76250e-01     1.18423e+00
1.76500e-01     1.19084e+00
1.76750e-01     1.19750e+00
1.77000e-01     1.20419e+00
1.77250e-01     1.21090e+00
1.77500e-01     1.21762e+00
1.77750e-01     1.22432e+00
1.78000e-01     1.23099e+00
1.78250e-01     1.23762e+00
1.78500e-01     1.24418e+00
1.78750e-01     1.25065e+00
1.79000e-01     1.25704e+00
1.79250e-01     1.26333e+00
1.79500e-01     1.26946e+00
1.79750e-01     1.27545e+00
1.80000e-01     1.28128e+00
1.80250e-01     1.28693e+00
1.80500e-01     1.29238e+00
1.80750e-01     1.29763e+00
1.81000e-01     1.30264e+00
1.81250e-01     1.30742e+00
1.81500e-01     1.31195e+00
1.81750e-01     1.31621e+00
1.82000e-01     1.32020e+00
1.82250e-01     1.32390e+00
1.82500e-01     1.32730e+00
1.82750e-01     1.33039e+00
1.83000e-01     1.33317e+00
1.83250e-01     1.33562e+00
1.83500e-01     1.33775e+00
1.83750e-01     1.33954e+00
1.84000e-01     1.34100e+00
1.84250e-01     1.34211e+00
1.84500e-01     1.34288e+00
1.84750e-01     1.34331e+00
1.85000e-01     1.34339e+00
1.85250e-01     1.34313e+00
1.85500e-01     1.34252e+00
1.85750e-01     1.34158e+00
1.86000e-01     1.34031e+00
1.86250e-01     1.33870e+00
1.86500e-01     1.33678e+00
1.86750e-01     1.33453e+00
1.87000e-01     1.33198e+00
1.87250e-01     1.32912e+00
1.87500e-01     1.32597e+00
1.87750e-01     1.32254e+00
1.88000e-01     1.31884e+00
1.88250e-01     1.31487e+00
1.88500e-01     1.31065e+00
1.88750e-01     1.30620e+00
1.89000e-01     1.30152e+00
1.89250e-01     1.29662e+00
1.89500e-01     1.29153e+00
1.89750e-01     1.28624e+00
1.90000e-01     1.28079e+00
1.90250e-01     1.27517e+00
1.90500e-01     1.26940e+00
1.90750e-01     1.26350e+00
1.91000e-01     1.25748e+00
1.91250e-01     1.25135e+00
1.91500e-01     1.24513e+00
1.91750e-01     1.23883e+00
1.92000e-01     1.23245e+00
1.92250e-01     1.22603e+00
1.92500e-01     1.21956e+00
1.92750e-01     1.21307e+00
1.93000e-01     1.20655e+00
1.93250e-01     1.20003e+00
1.93500e-01     1.19351e+00
1.93750e-01     1.18702e+00
1.94000e-01     1.18055e+00
1.94250e-01     1.17412e+00
1.94500e-01     1.16773e+00
1.94750e-01     1.16141e+00
1.95000e-01     1.15514e+00
1.95250e-01     1.14895e+00
1.95500e-01     1.14284e+00
1.95750e-01     1.13683e+00
1.96000e-01     1.13090e+00
1.96250e-01     1.12507e+00
1.96500e-01     1.11936e+00
1.96750e-01     1.11376e+00
1.97000e-01     1.10826e+00
1.97250e-01     1.10288e+00
1.97500e-01     1.09763e+00
1.97750e-01     1.09252e+00
1.98000e-01     1.08753e+00
1.98250e-01     1.08265e+00
1.98500e-01     1.07791e+00
1.98750e-01     1.07330e+00
1.99000e-01     1.06881e+00
1.99250e-01     1.06446e+00
1.99500e-01     1.06023e+00
1.99750e-01     1.05613e+00
2.00000e-01     1.05215e+00
2.00250e-01     1.04829e+00
2.00500e-01     1.04455e+00
2.00750e-01     1.04092e+00
2.01000e-01     1.03740e+00
2.01250e-01     1.03398e+00
2.01500e-01     1.03067e+00
2.01750e-01     1.02744e+00
2.02000e-01     1.02431e+00
2.02250e-01     1.02126e+00
2.02500e-01     1.01830e+00
2.02750e-01     1.01540e+00
2.03000e-01     1.01257e+00
2.03250e-01     1.00980e+00
2.03500e-01     1.00709e+00
2.03750e-01     1.00443e+00
2.04000e-01     1.00181e+00
2.04250e-01     9.99223e-01
2.04500e-01     9.96671e-01
2.04750e-01     9.94146e-01
2.05000e-01     9.91641e-01
2.05250e-01     9.89155e-01
2.05500e-01     9.86677e-01
2.05750e-01     9.84210e-01
2.06000e-01     9.81747e-01
2.06250e-01     9.79283e-01
2.06500e-01     9.76816e-01
2.06750e-01     9.74346e-01
2.07000e-01     9.71866e-01
2.07250e-01     9.69379e-01
2.07500e-01     9.66881e-01
2.07750e-01     9.64375e-01
2.08000e-01     9.61856e-01
2.08250e-01     9.59330e-01
2.08500e-01     9.56797e-01
2.08750e-01     9.54254e-01
2.09000e-01     9.51707e-01
2.09250e-01     9.49160e-01
2.09500e-01     9.46614e-01
2.09750e-01     9.44078e-01
2.10000e-01     9.41551e-01
2.10250e-01     9.39037e-01
2.10500e-01     9.36544e-01
2.10750e-01     9.34076e-01
2.11000e-01     9.31640e-01
2.11250e-01     9.29243e-01
2.11500e-01     9.26892e-01
2.11750e-01     9.24597e-01
2.12000e-01     9.22361e-01
2.12250e-01     9.20189e-01
2.12500e-01     9.18093e-01
2.12750e-01     9.16079e-01
2.13000e-01     9.14157e-01
2.13250e-01     9.12335e-01
2.13500e-01     9.10620e-01
2.13750e-01     9.09035e-01
2.14000e-01     9.07556e-01
2.14250e-01     9.06189e-01
2.14500e-01     9.04986e-01
2.14750e-01     9.03917e-01
2.15000e-01     9.03001e-01
2.15250e-01     9.02240e-01
2.15500e-01     9.01641e-01
2.15750e-01     9.01215e-01
2.16000e-01     9.00962e-01
2.16250e-01     9.00889e-01
2.16500e-01     9.01003e-01
2.16750e-01     9.01305e-01
2.17000e-01     9.01803e-01
2.17250e-01     9.02489e-01
2.17500e-01     9.03373e-01
2.17750e-01     9.04457e-01
2.18000e-01     9.05743e-01
2.18250e-01     9.07229e-01
2.18500e-01     9.08917e-01
2.18750e-01     9.10803e-01
2.19000e-01     9.12886e-01
2.19250e-01     9.15165e-01
2.19500e-01     9.17641e-01
2.19750e-01     9.20306e-01
2.20000e-01     9.23158e-01
2.20250e-01     9.26194e-01
2.20500e-01     9.29410e-01
2.20750e-01     9.32797e-01
2.21000e-01     9.36353e-01
2.21250e-01     9.40071e-01
2.21500e-01     9.43945e-01
2.21750e-01     9.47965e-01
2.22000e-01     9.52127e-01
2.22250e-01     9.56417e-01
2.22500e-01     9.60835e-01
2.22750e-01     9.65377e-01
2.23000e-01     9.70016e-01
2.23250e-01     9.74751e-01
2.23500e-01     9.79579e-01
2.23750e-01     9.84483e-01
2.24000e-01     9.89464e-01
2.24250e-01     9.94489e-01
2.24500e-01     9.99576e-01
2.24750e-01     1.00470e+00
2.25000e-01     1.00984e+00
2.25250e-01     1.01500e+00
2.25500e-01     1.02017e+00
2.25750e-01     1.02534e+00
2.26000e-01     1.03050e+00
2.26250e-01     1.03564e+00
2.26500e-01     1.04075e+00
2.26750e-01     1.04581e+00
2.27000e-01     1.05081e+00
2.27250e-01     1.05576e+00
2.27500e-01     1.06064e+00
2.27750e-01     1.06543e+00
2.28000e-01     1.07014e+00
2.28250e-01     1.07476e+00
2.28500e-01     1.07928e+00
2.28750e-01     1.08368e+00
2.29000e-01     1.08796e+00
2.29250e-01     1.09213e+00
2.29500e-01     1.09616e+00
2.29750e-01     1.10005e+00
2.30000e-01     1.10381e+00
2.30250e-01     1.10742e+00
2.30500e-01     1.11090e+00
2.30750e-01     1.11423e+00
2.31000e-01     1.11739e+00
2.31250e-01     1.12038e+00
2.31500e-01     1.12320e+00
2.31750e-01     1.12587e+00
2.32000e-01     1.12837e+00
2.32250e-01     1.13072e+00
2.32500e-01     1.13290e+00
2.32750e-01     1.13492e+00
2.33000e-01     1.13678e+00
2.33250e-01     1.13848e+00
2.33500e-01     1.14002e+00
2.33750e-01     1.14140e+00
2.34000e-01     1.14264e+00
2.34250e-01     1.14372e+00
2.34500e-01     1.14466e+00
2.34750e-01     1.14545e+00
2.35000e-01     1.14611e+00
2.35250e-01     1.14663e+00
2.35500e-01     1.14704e+00
2.35750e-01     1.14731e+00
2.36000e-01     1.14747e+00
2.36250e-01     1.14753e+00
2.36500e-01     1.14747e+00
2.36750e-01     1.14732e+00
2.37000e-01     1.14708e+00
2.37250e-01     1.14675e+00
2.37500e-01     1.14634e+00
2.37750e-01     1.14586e+00
2.38000e-01     1.14531e+00
2.38250e-01     1.14470e+00
2.38500e-01     1.14404e+00
2.38750e-01     1.14333e+00
2.39000e-01     1.14259e+00
2.39250e-01     1.14181e+00
2.39500e-01     1.14101e+00
2.39750e-01     1.14019e+00
2.40000e-01     1.13935e+00
2.40250e-01     1.13850e+00
2.40500e-01     1.13765e+00
2.40750e-01     1.13681e+00
2.41000e-01     1.13597e+00
2.41250e-01     1.13515e+00
2.41500e-01     1.13435e+00
2.41750e-01     1.13357e+00
2.42000e-01     1.13283e+00
2.42250e-01     1.13211e+00
2.42500e-01     1.13143e+00
2.42750e-01     1.13079e+00
2.43000e-01     1.13020e+00
2.43250e-01     1.12966e+00
2.43500e-01     1.12916e+00
2.43750e-01     1.12872e+00
2.44000e-01     1.12832e+00
2.44250e-01     1.12800e+00
2.44500e-01     1.12773e+00
2.44750e-01     1.12750e+00
2.45000e-01     1.12734e+00
2.45250e-01     1.12725e+00
2.45500e-01     1.12722e+00
2.45750e-01     1.12724e+00
2.46000e-01     1.12732e+00
2.46250e-01     1.12747e+00
2.46500e-01     1.12767e+00
2.46750e-01     1.12792e+00
2.47000e-01     1.12823e+00
2.47250e-01     1.12859e+00
2.47500e-01     1.12901e+00
2.47750e-01     1.12947e+00
2.48000e-01     1.12998e+00
2.48250e-01     1.13053e+00
2.48500e-01     1.13113e+00
2.48750e-01     1.13177e+00
2.49000e-01     1.13245e+00
2.49250e-01     1.13316e+00
2.49500e-01     1.13390e+00
2.49750e-01     1.13467e+00
2.50000e-01     1.13547e+00
2.50250e-01     1.13629e+00
2.50500e-01     1.13713e+00
2.50750e-01     1.13799e+00
2.51000e-01     1.13887e+00
2.51250e-01     1.13976e+00
2.51500e-01     1.14066e+00
2.51750e-01     1.14156e+00
2.52000e-01     1.14247e+00
2.52250e-01     1.14338e+00
2.52500e-01     1.14428e+00
2.52750e-01     1.14519e+00
2.53000e-01     1.14609e+00
2.53250e-01     1.14699e+00
2.53500e-01     1.14787e+00
2.53750e-01     1.14875e+00
2.54000e-01     1.14961e+00
2.54250e-01     1.15045e+00
2.54500e-01     1.15128e+00
2.54750e-01     1.15209e+00
2.55000e-01     1.15287e+00
2.55250e-01     1.15364e+00
2.55500e-01     1.15438e+00
2.55750e-01     1.15510e+00
2.56000e-01     1.15580e+00
2.56250e-01     1.15647e+00
2.56500e-01     1.15711e+00
2.56750e-01     1.15772e+00
2.57000e-01     1.15830e+00
2.57250e-01     1.15886e+00
2.57500e-01     1.15939e+00
2.57750e-01     1.15988e+00
2.58000e-01     1.16035e+00
2.58250e-01     1.16079e+00
2.58500e-01     1.16120e+00
2.58750e-01     1.16158e+00
2.59000e-01     1.16193e+00
2.59250e-01     1.16225e+00
2.59500e-01     1.16254e+00
2.59750e-01     1.16280e+00
2.60000e-01     1.16304e+00
2.60250e-01     1.16325e+00
2.60500e-01     1.16344e+00
2.60750e-01     1.16360e+00
2.61000e-01     1.16374e+00
2.61250e-01     1.16385e+00
2.61500e-01     1.16394e+00
2.61750e-01     1.16401e+00
2.62000e-01     1.16406e+00
2.62250e-01     1.16409e+00
2.62500e-01     1.16411e+00
2.62750e-01     1.16411e+00
2.63000e-01     1.16410e+00
2.63250e-01     1.16406e+00
2.63500e-01     1.16402e+00
2.63750e-01     1.16397e+00
2.64000e-01     1.16390e+00
2.64250e-01     1.16383e+00
2.64500e-01     1.16374e+00
2.64750e-01     1.16366e+00
2.65000e-01     1.16357e+00
2.65250e-01     1.16347e+00
2.65500e-01     1.16337e+00
2.65750e-01     1.16327e+00
2.66000e-01     1.16316e+00
2.66250e-01     1.16306e+00
2.66500e-01     1.16295e+00
2.66750e-01     1.16285e+00
2.67000e-01     1.16275e+00
2.67250e-01     1.16265e+00
2.67500e-01     1.16255e+00
2.67750e-01     1.16246e+00
2.68000e-01     1.16237e+00
2.68250e-01     1.16229e+00
2.68500e-01     1.16221e+00
2.68750e-01     1.16213e+00
2.69000e-01     1.16206e+00
2.69250e-01     1.16200e+00
2.69500e-01     1.16194e+00
2.69750e-01     1.16189e+00
2.70000e-01     1.16184e+00
2.70250e-01     1.16180e+00
2.70500e-01     1.16176e+00
2.70750e-01     1.16172e+00
2.71000e-01     1.16169e+00
2.71250e-01     1.16166e+00
2.71500e-01     1.16163e+00
2.71750e-01     1.16160e+00
2.72000e-01     1.16157e+00
2.72250e-01     1.16155e+00
2.72500e-01     1.16151e+00
2.72750e-01     1.16148e+00
2.73000e-01     1.16144e+00
2.73250e-01     1.16140e+00
2.73500e-01     1.16134e+00
2.73750e-01     1.16128e+00
2.74000e-01     1.16121e+00
2.74250e-01     1.16112e+00
2.74500e-01     1.16102e+00
2.74750e-01     1.16091e+00
2.75000e-01     1.16077e+00
2.75250e-01     1.16062e+00
2.75500e-01     1.16044e+00
2.75750e-01     1.16024e+00
2.76000e-01     1.16001e+00
2.76250e-01     1.15975e+00
2.76500e-01     1.15946e+00
2.76750e-01     1.15914e+00
2.77000e-01     1.15878e+00
2.77250e-01     1.15839e+00
2.77500e-01     1.15796e+00
2.77750e-01     1.15748e+00
2.78000e-01     1.15696e+00
2.78250e-01     1.15640e+00
2.78500e-01     1.15578e+00
2.78750e-01     1.15512e+00
2.79000e-01     1.15440e+00
2.79250e-01     1.15363e+00
2.79500e-01     1.15280e+00
2.79750e-01     1.15192e+00
2.80000e-01     1.15098e+00
2.80250e-01     1.14999e+00
2.80500e-01     1.14893e+00
2.80750e-01     1.14781e+00
2.81000e-01     1.14663e+00
2.81250e-01     1.14538e+00
2.81500e-01     1.14407e+00
2.81750e-01     1.14269e+00
2.82000e-01     1.14126e+00
2.82250e-01     1.13976e+00
2.82500e-01     1.13820e+00
2.82750e-01     1.13657e+00
2.83000e-01     1.13488e+00
2.83250e-01     1.13312e+00
2.83500e-01     1.13131e+00
2.83750e-01     1.12943e+00
2.84000e-01     1.12750e+00
2.84250e-01     1.12551e+00
2.84500e-01     1.12347e+00
2.84750e-01     1.12137e+00
2.85000e-01     1.11922e+00
2.85250e-01     1.11702e+00
2.85500e-01     1.11477e+00
2.85750e-01     1.11248e+00
2.86000e-01     1.11014e+00
2.86250e-01     1.10777e+00
2.86500e-01     1.10536e+00
2.86750e-01     1.10293e+00
2.87000e-01     1.10046e+00
2.87250e-01     1.09796e+00
2.87500e-01     1.09544e+00
2.87750e-01     1.09291e+00
2.88000e-01     1.09036e+00
2.88250e-01     1.08780e+00
2.88500e-01     1.08524e+00
2.88750e-01     1.08268e+00
2.89000e-01     1.08012e+00
2.89250e-01     1.07757e+00
2.89500e-01     1.07504e+00
2.89750e-01     1.07252e+00
2.90000e-01     1.07003e+00
2.90250e-01     1.06757e+00
2.90500e-01     1.06515e+00
2.90750e-01     1.06276e+00
2.91000e-01     1.06042e+00
2.91250e-01     1.05813e+00
2.91500e-01     1.05590e+00
2.91750e-01     1.05373e+00
2.92000e-01     1.05162e+00
2.92250e-01     1.04958e+00
2.92500e-01     1.04762e+00
2.92750e-01     1.04574e+00
2.93000e-01     1.04394e+00
2.93250e-01     1.04223e+00
2.93500e-01     1.04061e+00
2.93750e-01     1.03909e+00
2.94000e-01     1.03766e+00
2.94250e-01     1.03634e+00
2.94500e-01     1.03512e+00
2.94750e-01     1.03401e+00
2.95000e-01     1.03300e+00
2.95250e-01     1.03210e+00
2.95500e-01     1.03132e+00
2.95750e-01     1.03065e+00
2.96000e-01     1.03009e+00
2.96250e-01     1.02964e+00
2.96500e-01     1.02931e+00
2.96750e-01     1.02909e+00
2.97000e-01     1.02898e+00
2.97250e-01     1.02898e+00
2.97500e-01     1.02910e+00
2.97750e-01     1.02932e+00
2.98000e-01     1.02965e+00
2.98250e-01     1.03009e+00
2.98500e-01     1.03062e+00
2.98750e-01     1.03126e+00
2.99000e-01     1.03199e+00
2.99250e-01     1.03282e+00
2.99500e-01     1.03374e+00
2.99750e-01     1.03474e+00
3.00000e-01     1.03583e+00
3.00250e-01     1.03700e+00
3.00500e-01     1.03825e+00
3.00750e-01     1.03958e+00
3.01000e-01     1.04097e+00
3.01250e-01     1.04243e+00
3.01500e-01     1.04396e+00
3.01750e-01     1.04554e+00
3.02000e-01     1.04718e+00
3.02250e-01     1.04887e+00
3.02500e-01     1.05060e+00
3.02750e-01     1.05238e+00
3.03000e-01     1.05420e+00
