Flow Time cd
1.60250e-01     1.06366e+00
1.60500e-01     1.06309e+00
1.60750e-01     1.06246e+00
1.61000e-01     1.06179e+00
1.61250e-01     1.06108e+00
1.61500e-01     1.06035e+00
1.61750e-01     1.05958e+00
1.62000e-01     1.05879e+00
1.62250e-01     1.05800e+00
1.62500e-01     1.05720e+00
1.62750e-01     1.05640e+00
1.63000e-01     1.05562e+00
1.63250e-01     1.05487e+00
1.63500e-01     1.05413e+00
1.63750e-01     1.05343e+00
1.64000e-01     1.05277e+00
1.64250e-01     1.05215e+00
1.64500e-01     1.05160e+00
1.64750e-01     1.05111e+00
1.65000e-01     1.05068e+00
1.65250e-01     1.05032e+00
1.65500e-01     1.05003e+00
1.65750e-01     1.04983e+00
1.66000e-01     1.04972e+00
1.66250e-01     1.04972e+00
1.66500e-01     1.04981e+00
1.66750e-01     1.05002e+00
1.67000e-01     1.05035e+00
1.67250e-01     1.05080e+00
1.67500e-01     1.05139e+00
1.67750e-01     1.05211e+00
1.68000e-01     1.05299e+00
1.68250e-01     1.05401e+00
1.68500e-01     1.05519e+00
1.68750e-01     1.05654e+00
1.69000e-01     1.05806e+00
1.69250e-01     1.05975e+00
1.69500e-01     1.06163e+00
1.69750e-01     1.06369e+00
1.70000e-01     1.06594e+00
1.70250e-01     1.06839e+00
1.70500e-01     1.07104e+00
1.70750e-01     1.07388e+00
1.71000e-01     1.07692e+00
1.71250e-01     1.08017e+00
1.71500e-01     1.08363e+00
1.71750e-01     1.08730e+00
1.72000e-01     1.09117e+00
1.72250e-01     1.09524e+00
1.72500e-01     1.09952e+00
1.72750e-01     1.10399e+00
1.73000e-01     1.10866e+00
1.73250e-01     1.11353e+00
1.73500e-01     1.11858e+00
1.73750e-01     1.12381e+00
1.74000e-01     1.12922e+00
1.74250e-01     1.13480e+00
1.74500e-01     1.14053e+00
1.74750e-01     1.14641e+00
1.75000e-01     1.15244e+00
1.75250e-01     1.15859e+00
1.75500e-01     1.16485e+00
1.75750e-01     1.17122e+00
1.76000e-01     1.17769e+00
1.76250e-01     1.18423e+00
1.76500e-01     1.19084e+00
1.76750e-01     1.19750e+00
1.77000e-01     1.20419e+00
1.77250e-01     1.21090e+00
1.77500e-01     1.21762e+00
1.77750e-01     1.22432e+00
1.78000e-01     1.23099e+00
1.78250e-01     1.23762e+00
1.78500e-01     1.24418e+00
1.78750e-01     1.25065e+00
1.79000e-01     1.25704e+00
1.79250e-01     1.26333e+00
1.79500e-01     1.26946e+00
1.79750e-01     1.27545e+00
1.80000e-01     1.28128e+00
1.80250e-01     1.28693e+00
1.80500e-01     1.29238e+00
1.80750e-01     1.29763e+00
1.81000e-01     1.30264e+00
1.81250e-01     1.30742e+00
1.81500e-01     1.31195e+00
1.81750e-01     1.31621e+00
1.82000e-01     1.32020e+00
1.82250e-01     1.32390e+00
1.82500e-01     1.32730e+00
1.82750e-01     1.33039e+00
1.83000e-01     1.33317e+00
1.83250e-01     1.33562e+00
1.83500e-01     1.33775e+00
1.83750e-01     1.33954e+00
1.84000e-01     1.34100e+00
1.84250e-01     1.34211e+00
1.84500e-01     1.34288e+00
1.84750e-01     1.34331e+00
1.85000e-01     1.34339e+00
1.85250e-01     1.34313e+00
1.85500e-01     1.34252e+00
1.85750e-01     1.34158e+00
1.86000e-01     1.34031e+00
1.86250e-01     1.33870e+00
1.86500e-01     1.33678e+00
1.86750e-01     1.33453e+00
1.87000e-01     1.33198e+00
1.87250e-01     1.32912e+00
1.87500e-01     1.32597e+00
1.87750e-01     1.32254e+00
1.88000e-01     1.31884e+00
1.88250e-01     1.31487e+00
1.88500e-01     1.31065e+00
1.88750e-01     1.30620e+00
1.89000e-01     1.30152e+00
1.89250e-01     1.29662e+00
1.89500e-01     1.29153e+00
1.89750e-01     1.28624e+00
1.90000e-01     1.28079e+00
1.90250e-01     1.27517e+00
1.90500e-01     1.26940e+00
1.90750e-01     1.26350e+00
1.91000e-01     1.25748e+00
1.91250e-01     1.25135e+00
1.91500e-01     1.24513e+00
1.91750e-01     1.23883e+00
1.92000e-01     1.23245e+00
1.92250e-01     1.22603e+00
1.92500e-01     1.21956e+00
1.92750e-01     1.21307e+00
1.93000e-01     1.20655e+00
1.93250e-01     1.20003e+00
1.93500e-01     1.19351e+00
1.93750e-01     1.18702e+00
1.94000e-01     1.18055e+00
1.94250e-01     1.17412e+00
1.94500e-01     1.16773e+00
1.94750e-01     1.16141e+00
1.95000e-01     1.15514e+00
1.95250e-01     1.14895e+00
1.95500e-01     1.14284e+00
1.95750e-01     1.13683e+00
1.96000e-01     1.13090e+00
1.96250e-01     1.12507e+00
1.96500e-01     1.11936e+00
1.96750e-01     1.11376e+00
1.97000e-01     1.10826e+00
1.97250e-01     1.10288e+00
1.97500e-01     1.09763e+00
1.97750e-01     1.09252e+00
1.98000e-01     1.08753e+00
1.98250e-01     1.08265e+00
1.98500e-01     1.07791e+00
1.98750e-01     1.07330e+00
1.99000e-01     1.06881e+00
1.99250e-01     1.06446e+00
1.99500e-01     1.06023e+00
1.99750e-01     1.05613e+00
2.00000e-01     1.05215e+00
2.00250e-01     1.04829e+00
2.00500e-01     1.04455e+00
2.00750e-01     1.04092e+00
2.01000e-01     1.03740e+00
2.01250e-01     1.03398e+00
2.01500e-01     1.03067e+00
2.01750e-01     1.02744e+00
2.02000e-01     1.02431e+00
2.02250e-01     1.02126e+00
2.02500e-01     1.01830e+00
2.02750e-01     1.01540e+00
2.03000e-01     1.01257e+00
2.03250e-01     1.00980e+00
2.03500e-01     1.00709e+00
2.03750e-01     1.00443e+00
2.04000e-01     1.00181e+00
2.04250e-01     9.99223e-01
2.04500e-01     9.96671e-01
2.04750e-01     9.94146e-01
2.05000e-01     9.91641e-01
2.05250e-01     9.89155e-01
2.05500e-01     9.86677e-01
2.05750e-01     9.84210e-01
2.06000e-01     9.81747e-01
2.06250e-01     9.79283e-01
2.06500e-01     9.76816e-01
2.06750e-01     9.74346e-01
2.07000e-01     9.71866e-01
2.07250e-01     9.69379e-01
2.07500e-01     9.66881e-01
2.07750e-01     9.64375e-01
2.08000e-01     9.61856e-01
2.08250e-01     9.59330e-01
2.08500e-01     9.56797e-01
2.08750e-01     9.54254e-01
2.09000e-01     9.51707e-01
2.09250e-01     9.49160e-01
2.09500e-01     9.46614e-01
2.09750e-01     9.44078e-01
2.10000e-01     9.41551e-01
2.10250e-01     9.39037e-01
2.10500e-01     9.36544e-01
2.10750e-01     9.34076e-01
2.11000e-01     9.31640e-01
2.11250e-01     9.29243e-01
2.11500e-01     9.26892e-01
2.11750e-01     9.24597e-01
2.12000e-01     9.22361e-01
2.12250e-01     9.20189e-01
2.12500e-01     9.18093e-01
2.12750e-01     9.16079e-01
2.13000e-01     9.14157e-01
2.13250e-01     9.12335e-01
2.13500e-01     9.10620e-01
2.13750e-01     9.09035e-01
2.14000e-01     9.07556e-01
2.14250e-01     9.06189e-01
2.14500e-01     9.04986e-01
2.14750e-01     9.03917e-01
2.15000e-01     9.03001e-01
2.15250e-01     9.02240e-01
2.15500e-01     9.01641e-01
2.15750e-01     9.01215e-01
2.16000e-01     9.00962e-01
2.16250e-01     9.00889e-01
2.16500e-01     9.01003e-01
2.16750e-01     9.01305e-01
2.17000e-01     9.01803e-01
2.17250e-01     9.02489e-01
2.17500e-01     9.03373e-01
2.17750e-01     9.04457e-01
2.18000e-01     9.05743e-01
2.18250e-01     9.07229e-01
2.18500e-01     9.08917e-01
2.18750e-01     9.10803e-01
