"Lift Convergence"
"Flow Time" "cl"
2.50000e-04     -5.57444e-02
5.00000e-04     -5.41070e-02
7.50000e-04     -5.34570e-02
1.00000e-03     -5.30733e-02
1.25000e-03     -5.27968e-02
1.50000e-03     -5.24956e-02
1.75000e-03     -5.21087e-02
2.00000e-03     -5.16323e-02
2.25000e-03     -5.10910e-02
2.50000e-03     -5.05139e-02
2.75000e-03     -4.99217e-02
3.00000e-03     -4.93244e-02
3.25000e-03     -4.87246e-02
3.50000e-03     -4.81185e-02
3.75000e-03     -4.75015e-02
4.00000e-03     -4.68699e-02
4.25000e-03     -4.62225e-02
4.50000e-03     -4.55597e-02
4.75000e-03     -4.48826e-02
5.00000e-03     -4.41929e-02
5.25000e-03     -4.34923e-02
5.50000e-03     -4.27820e-02
5.75000e-03     -4.20669e-02
6.00000e-03     -4.13473e-02
6.25000e-03     -4.06254e-02
6.50000e-03     -3.99052e-02
6.75000e-03     -3.91872e-02
7.00000e-03     -3.84720e-02
7.25000e-03     -3.77636e-02
7.50000e-03     -3.70624e-02
7.75000e-03     -3.63673e-02
8.00000e-03     -3.56784e-02
8.25000e-03     -3.49981e-02
8.50000e-03     -3.43262e-02
8.75000e-03     -3.36596e-02
9.00000e-03     -3.30007e-02
9.25000e-03     -3.23544e-02
9.50000e-03     -3.17226e-02
9.75000e-03     -3.11114e-02
1.00000e-02     -3.05215e-02
1.02500e-02     -2.99570e-02
1.05000e-02     -2.94218e-02
1.07500e-02     -2.89196e-02
1.10000e-02     -2.84534e-02
1.12500e-02     -2.80297e-02
1.15000e-02     -2.76432e-02
1.17500e-02     -2.72975e-02
1.20000e-02     -2.69966e-02
1.22500e-02     -2.67427e-02
1.25000e-02     -2.65406e-02
1.27500e-02     -2.63851e-02
1.30000e-02     -2.62794e-02
1.32500e-02     -2.62254e-02
1.35000e-02     -2.62254e-02
1.37500e-02     -2.62834e-02
1.40000e-02     -2.63891e-02
1.42500e-02     -2.65462e-02
1.45000e-02     -2.67565e-02
1.47500e-02     -2.70195e-02
1.50000e-02     -2.73361e-02
1.52500e-02     -2.77010e-02
1.55000e-02     -2.81134e-02
1.57500e-02     -2.85722e-02
1.60000e-02     -2.90743e-02
1.62500e-02     -2.96196e-02
1.65000e-02     -3.02094e-02
1.67500e-02     -3.08379e-02
1.70000e-02     -3.14948e-02
1.72500e-02     -3.21818e-02
1.75000e-02     -3.29004e-02
1.77500e-02     -3.36440e-02
1.80000e-02     -3.44106e-02
1.82500e-02     -3.51984e-02
1.85000e-02     -3.60046e-02
1.87500e-02     -3.68264e-02
1.90000e-02     -3.76578e-02
1.92500e-02     -3.85038e-02
1.95000e-02     -3.93595e-02
1.97500e-02     -4.02187e-02
2.00000e-02     -4.10801e-02
2.02500e-02     -4.19435e-02
2.05000e-02     -4.28057e-02
2.07500e-02     -4.36596e-02
2.10000e-02     -4.45182e-02
2.12500e-02     -4.53706e-02
2.15000e-02     -4.62146e-02
2.17500e-02     -4.70500e-02
2.20000e-02     -4.78761e-02
2.22500e-02     -4.86940e-02
2.25000e-02     -4.94991e-02
2.27500e-02     -5.02905e-02
2.30000e-02     -5.10654e-02
2.32500e-02     -5.18316e-02
2.35000e-02     -5.25869e-02
2.37500e-02     -5.33289e-02
2.40000e-02     -5.40560e-02
2.42500e-02     -5.47678e-02
2.45000e-02     -5.54625e-02
2.47500e-02     -5.61418e-02
2.50000e-02     -5.68026e-02
2.52500e-02     -5.74497e-02
2.55000e-02     -5.80807e-02
2.57500e-02     -5.86897e-02
2.60000e-02     -5.92843e-02
2.62500e-02     -5.98613e-02
2.65000e-02     -6.04143e-02
2.67500e-02     -6.09491e-02
2.70000e-02     -6.14648e-02
2.72500e-02     -6.19579e-02
2.75000e-02     -6.24270e-02
2.77500e-02     -6.28671e-02
2.80000e-02     -6.32854e-02
2.82500e-02     -6.36785e-02
2.85000e-02     -6.40444e-02
2.87500e-02     -6.43818e-02
2.90000e-02     -6.46902e-02
2.92500e-02     -6.49691e-02
2.95000e-02     -6.52188e-02
2.97500e-02     -6.54353e-02
3.00000e-02     -6.56218e-02
3.02500e-02     -6.57781e-02
3.05000e-02     -6.59032e-02
3.07500e-02     -6.59968e-02
3.10000e-02     -6.60595e-02
3.12500e-02     -6.60923e-02
3.15000e-02     -6.60949e-02
3.17500e-02     -6.60649e-02
3.20000e-02     -6.60087e-02
3.22500e-02     -6.59231e-02
3.25000e-02     -6.58123e-02
3.27500e-02     -6.56774e-02
3.30000e-02     -6.55163e-02
3.32500e-02     -6.53350e-02
3.35000e-02     -6.51314e-02
3.37500e-02     -6.49076e-02
3.40000e-02     -6.46634e-02
3.42500e-02     -6.44005e-02
3.45000e-02     -6.41257e-02
3.47500e-02     -6.38381e-02
3.50000e-02     -6.35371e-02
3.52500e-02     -6.32241e-02
3.55000e-02     -6.29007e-02
3.57500e-02     -6.25671e-02
3.60000e-02     -6.22244e-02
3.62500e-02     -6.18713e-02
3.65000e-02     -6.15127e-02
3.67500e-02     -6.11478e-02
3.70000e-02     -6.07721e-02
3.72500e-02     -6.03926e-02
3.75000e-02     -6.00073e-02
3.77500e-02     -5.96149e-02
3.80000e-02     -5.92148e-02
3.82500e-02     -5.88065e-02
3.85000e-02     -5.83922e-02
3.87500e-02     -5.79704e-02
3.90000e-02     -5.75335e-02
3.92500e-02     -5.70852e-02
3.95000e-02     -5.66249e-02
3.97500e-02     -5.61547e-02
4.00000e-02     -5.56721e-02
4.02500e-02     -5.51763e-02
4.05000e-02     -5.46666e-02
4.07500e-02     -5.41430e-02
4.10000e-02     -5.36043e-02
4.12500e-02     -5.30502e-02
4.15000e-02     -5.24845e-02
4.17500e-02     -5.19002e-02
4.20000e-02     -5.13004e-02
4.22500e-02     -5.06864e-02
4.25000e-02     -5.00590e-02
4.27500e-02     -4.94188e-02
4.30000e-02     -4.87668e-02
4.32500e-02     -4.81045e-02
4.35000e-02     -4.74345e-02
4.37500e-02     -4.67560e-02
4.40000e-02     -4.60738e-02
4.42500e-02     -4.53877e-02
4.45000e-02     -4.46971e-02
4.47500e-02     -4.40078e-02
4.50000e-02     -4.33227e-02
4.52500e-02     -4.26453e-02
4.55000e-02     -4.19758e-02
4.57500e-02     -4.13169e-02
4.60000e-02     -4.06722e-02
4.62500e-02     -4.00444e-02
4.65000e-02     -3.94363e-02
4.67500e-02     -3.88502e-02
4.70000e-02     -3.82900e-02
4.72500e-02     -3.77561e-02
4.75000e-02     -3.72518e-02
4.77500e-02     -3.67781e-02
4.80000e-02     -3.63433e-02
4.82500e-02     -3.59380e-02
4.85000e-02     -3.55677e-02
4.87500e-02     -3.52354e-02
4.90000e-02     -3.49438e-02
4.92500e-02     -3.46931e-02
4.95000e-02     -3.44836e-02
4.97500e-02     -3.43179e-02
5.00000e-02     -3.41913e-02
5.02500e-02     -3.41043e-02
5.05000e-02     -3.40595e-02
5.07500e-02     -3.40569e-02
5.10000e-02     -3.40931e-02
5.12500e-02     -3.41723e-02
5.15000e-02     -3.42833e-02
5.17500e-02     -3.44285e-02
5.20000e-02     -3.46083e-02
5.22500e-02     -3.48231e-02
5.25000e-02     -3.50671e-02
5.27500e-02     -3.53390e-02
5.30000e-02     -3.56373e-02
5.32500e-02     -3.59599e-02
5.35000e-02     -3.63063e-02
5.37500e-02     -3.66707e-02
5.40000e-02     -3.70516e-02
5.42500e-02     -3.74474e-02
5.45000e-02     -3.78558e-02
5.47500e-02     -3.82712e-02
5.50000e-02     -3.86955e-02
5.52500e-02     -3.91325e-02
5.55000e-02     -3.95712e-02
5.57500e-02     -4.00094e-02
5.60000e-02     -4.04470e-02
5.62500e-02     -4.08836e-02
5.65000e-02     -4.13167e-02
5.67500e-02     -4.17450e-02
5.70000e-02     -4.21671e-02
5.72500e-02     -4.25820e-02
5.75000e-02     -4.29822e-02
5.77500e-02     -4.33799e-02
5.80000e-02     -4.37699e-02
5.82500e-02     -4.41496e-02
5.85000e-02     -4.45183e-02
5.87500e-02     -4.48759e-02
5.90000e-02     -4.52225e-02
5.92500e-02     -4.55581e-02
5.95000e-02     -4.58798e-02
5.97500e-02     -4.61942e-02
6.00000e-02     -4.64995e-02
6.02500e-02     -4.67948e-02
6.05000e-02     -4.70807e-02
6.07500e-02     -4.73580e-02
6.10000e-02     -4.76276e-02
6.12500e-02     -4.78902e-02
6.15000e-02     -4.81466e-02
6.17500e-02     -4.83994e-02
6.20000e-02     -4.86463e-02
6.22500e-02     -4.88864e-02
6.25000e-02     -4.91250e-02
6.27500e-02     -4.93634e-02
6.30000e-02     -4.96010e-02
6.32500e-02     -4.98380e-02
6.35000e-02     -5.00763e-02
6.37500e-02     -5.03144e-02
6.40000e-02     -5.05521e-02
6.42500e-02     -5.07931e-02
6.45000e-02     -5.10381e-02
6.47500e-02     -5.12861e-02
6.50000e-02     -5.15370e-02
6.52500e-02     -5.17912e-02
6.55000e-02     -5.20485e-02
6.57500e-02     -5.23103e-02
6.60000e-02     -5.25760e-02
6.62500e-02     -5.28448e-02
6.65000e-02     -5.31177e-02
6.67500e-02     -5.33931e-02
6.70000e-02     -5.36721e-02
6.72500e-02     -5.39508e-02
6.75000e-02     -5.42337e-02
6.77500e-02     -5.45188e-02
6.80000e-02     -5.48040e-02
6.82500e-02     -5.50883e-02
6.85000e-02     -5.53709e-02
6.87500e-02     -5.56510e-02
6.90000e-02     -5.59234e-02
6.92500e-02     -5.61954e-02
6.95000e-02     -5.64629e-02
6.97500e-02     -5.67232e-02
7.00000e-02     -5.69754e-02
7.02500e-02     -5.72193e-02
7.05000e-02     -5.74519e-02
7.07500e-02     -5.76723e-02
7.10000e-02     -5.78800e-02
7.12500e-02     -5.80705e-02
7.15000e-02     -5.82489e-02
7.17500e-02     -5.84124e-02
7.20000e-02     -5.85586e-02
7.22500e-02     -5.86864e-02
7.25000e-02     -5.87951e-02
7.27500e-02     -5.88838e-02
7.30000e-02     -5.89520e-02
7.32500e-02     -5.89989e-02
7.35000e-02     -5.90234e-02
7.37500e-02     -5.90264e-02
7.40000e-02     -5.90071e-02
7.42500e-02     -5.89654e-02
7.45000e-02     -5.89010e-02
7.47500e-02     -5.88138e-02
7.50000e-02     -5.87042e-02
7.52500e-02     -5.85725e-02
7.55000e-02     -5.84191e-02
7.57500e-02     -5.82445e-02
7.60000e-02     -5.80494e-02
7.62500e-02     -5.78347e-02
7.65000e-02     -5.76011e-02
7.67500e-02     -5.73495e-02
7.70000e-02     -5.70811e-02
7.72500e-02     -5.67968e-02
7.75000e-02     -5.64980e-02
7.77500e-02     -5.61858e-02
7.80000e-02     -5.58615e-02
7.82500e-02     -5.55291e-02
7.85000e-02     -5.51845e-02
7.87500e-02     -5.48313e-02
7.90000e-02     -5.44717e-02
7.92500e-02     -5.41069e-02
7.95000e-02     -5.37382e-02
7.97500e-02     -5.33670e-02
8.00000e-02     -5.29944e-02
8.02500e-02     -5.26249e-02
8.05000e-02     -5.22534e-02
8.07500e-02     -5.18828e-02
8.10000e-02     -5.15162e-02
8.12500e-02     -5.11531e-02
8.15000e-02     -5.07956e-02
8.17500e-02     -5.04430e-02
8.20000e-02     -5.00970e-02
8.22500e-02     -4.97580e-02
8.25000e-02     -4.94259e-02
8.27500e-02     -4.91015e-02
8.30000e-02     -4.87855e-02
8.32500e-02     -4.84780e-02
8.35000e-02     -4.81791e-02
8.37500e-02     -4.78888e-02
8.40000e-02     -4.76072e-02
8.42500e-02     -4.73342e-02
8.45000e-02     -4.70695e-02
8.47500e-02     -4.68130e-02
8.50000e-02     -4.65645e-02
8.52500e-02     -4.63238e-02
8.55000e-02     -4.60907e-02
8.57500e-02     -4.58689e-02
8.60000e-02     -4.56509e-02
8.62500e-02     -4.54374e-02
8.65000e-02     -4.52299e-02
8.67500e-02     -4.50287e-02
8.70000e-02     -4.48334e-02
8.72500e-02     -4.46437e-02
8.75000e-02     -4.44593e-02
8.77500e-02     -4.42799e-02
8.80000e-02     -4.41054e-02
8.82500e-02     -4.39354e-02
8.85000e-02     -4.37704e-02
8.87500e-02     -4.36103e-02
8.90000e-02     -4.34551e-02
8.92500e-02     -4.33040e-02
8.95000e-02     -4.31576e-02
8.97500e-02     -4.30162e-02
9.00000e-02     -4.28801e-02
9.02500e-02     -4.27494e-02
9.05000e-02     -4.26246e-02
9.07500e-02     -4.25061e-02
9.10000e-02     -4.23941e-02
9.12500e-02     -4.22893e-02
9.15000e-02     -4.21919e-02
9.17500e-02     -4.21026e-02
9.20000e-02     -4.20217e-02
9.22500e-02     -4.19499e-02
9.25000e-02     -4.18848e-02
9.27500e-02     -4.18326e-02
9.30000e-02     -4.17914e-02
9.32500e-02     -4.17609e-02
9.35000e-02     -4.17416e-02
9.37500e-02     -4.17341e-02
9.40000e-02     -4.17387e-02
9.42500e-02     -4.17558e-02
9.45000e-02     -4.17856e-02
9.47500e-02     -4.18284e-02
9.50000e-02     -4.18846e-02
9.52500e-02     -4.19565e-02
9.55000e-02     -4.20399e-02
9.57500e-02     -4.21359e-02
9.60000e-02     -4.22455e-02
9.62500e-02     -4.23689e-02
9.65000e-02     -4.25082e-02
9.67500e-02     -4.26584e-02
9.70000e-02     -4.28207e-02
9.72500e-02     -4.29956e-02
9.75000e-02     -4.31829e-02
9.77500e-02     -4.33818e-02
9.80000e-02     -4.35918e-02
9.82500e-02     -4.38122e-02
9.85000e-02     -4.40424e-02
9.87500e-02     -4.42817e-02
9.90000e-02     -4.45292e-02
9.92500e-02     -4.47845e-02
9.95000e-02     -4.50465e-02
9.97500e-02     -4.53145e-02
1.00000e-01     -4.55865e-02
1.00250e-01     -4.58636e-02
1.00500e-01     -4.61445e-02
1.00750e-01     -4.64279e-02
1.01000e-01     -4.67125e-02
1.01250e-01     -4.69976e-02
1.01500e-01     -4.72824e-02
1.01750e-01     -4.75659e-02
1.02000e-01     -4.78475e-02
1.02250e-01     -4.81262e-02
1.02500e-01     -4.84012e-02
1.02750e-01     -4.86719e-02
1.03000e-01     -4.89374e-02
1.03250e-01     -4.91970e-02
1.03500e-01     -4.94503e-02
1.03750e-01     -4.96956e-02
1.04000e-01     -4.99316e-02
1.04250e-01     -5.01623e-02
1.04500e-01     -5.03853e-02
1.04750e-01     -5.05991e-02
1.05000e-01     -5.08034e-02
1.05250e-01     -5.09979e-02
1.05500e-01     -5.11826e-02
1.05750e-01     -5.13575e-02
1.06000e-01     -5.15223e-02
1.06250e-01     -5.16771e-02
1.06500e-01     -5.18220e-02
1.06750e-01     -5.19562e-02
1.07000e-01     -5.20813e-02
1.07250e-01     -5.21971e-02
1.07500e-01     -5.23036e-02
1.07750e-01     -5.24009e-02
1.08000e-01     -5.24893e-02
1.08250e-01     -5.25692e-02
1.08500e-01     -5.26364e-02
1.08750e-01     -5.27003e-02
1.09000e-01     -5.27583e-02
1.09250e-01     -5.28092e-02
1.09500e-01     -5.28534e-02
1.09750e-01     -5.28913e-02
1.10000e-01     -5.29235e-02
1.10250e-01     -5.29506e-02
1.10500e-01     -5.29729e-02
1.10750e-01     -5.29911e-02
1.11000e-01     -5.30053e-02
1.11250e-01     -5.30162e-02
1.11500e-01     -5.30242e-02
1.11750e-01     -5.30298e-02
1.12000e-01     -5.30291e-02
1.12250e-01     -5.30309e-02
1.12500e-01     -5.30323e-02
1.12750e-01     -5.30323e-02
1.13000e-01     -5.30310e-02
1.13250e-01     -5.30281e-02
1.13500e-01     -5.30254e-02
1.13750e-01     -5.30225e-02
1.14000e-01     -5.30189e-02
1.14250e-01     -5.30148e-02
1.14500e-01     -5.30109e-02
1.14750e-01     -5.30068e-02
1.15000e-01     -5.30024e-02
