"Drag Convergence"
"Flow Time" "cd"
2.50000e-04     1.10301e+00
5.00000e-04     1.09733e+00
7.50000e-04     1.09818e+00
1.00000e-03     1.09870e+00
1.25000e-03     1.09905e+00
1.50000e-03     1.09931e+00
1.75000e-03     1.09948e+00
2.00000e-03     1.09956e+00
2.25000e-03     1.09958e+00
2.50000e-03     1.09956e+00
2.75000e-03     1.09953e+00
3.00000e-03     1.09951e+00
3.25000e-03     1.09951e+00
3.50000e-03     1.09953e+00
3.75000e-03     1.09956e+00
4.00000e-03     1.09960e+00
4.25000e-03     1.09964e+00
4.50000e-03     1.09969e+00
4.75000e-03     1.09973e+00
5.00000e-03     1.09976e+00
5.25000e-03     1.09979e+00
5.50000e-03     1.09982e+00
5.75000e-03     1.09983e+00
6.00000e-03     1.09985e+00
6.25000e-03     1.09985e+00
6.50000e-03     1.09985e+00
6.75000e-03     1.09984e+00
7.00000e-03     1.09983e+00
7.25000e-03     1.09981e+00
7.50000e-03     1.09979e+00
7.75000e-03     1.09977e+00
8.00000e-03     1.09974e+00
8.25000e-03     1.09971e+00
8.50000e-03     1.09968e+00
8.75000e-03     1.09965e+00
9.00000e-03     1.09961e+00
9.25000e-03     1.09958e+00
9.50000e-03     1.09954e+00
9.75000e-03     1.09951e+00
1.00000e-02     1.09946e+00
1.02500e-02     1.09942e+00
1.05000e-02     1.09938e+00
1.07500e-02     1.09934e+00
1.10000e-02     1.09929e+00
1.12500e-02     1.09925e+00
1.15000e-02     1.09920e+00
1.17500e-02     1.09916e+00
1.20000e-02     1.09912e+00
1.22500e-02     1.09908e+00
1.25000e-02     1.09903e+00
1.27500e-02     1.09899e+00
1.30000e-02     1.09895e+00
1.32500e-02     1.09891e+00
1.35000e-02     1.09887e+00
1.37500e-02     1.09883e+00
1.40000e-02     1.09880e+00
1.42500e-02     1.09876e+00
1.45000e-02     1.09873e+00
1.47500e-02     1.09869e+00
1.50000e-02     1.09867e+00
1.52500e-02     1.09864e+00
1.55000e-02     1.09861e+00
1.57500e-02     1.09859e+00
1.60000e-02     1.09857e+00
1.62500e-02     1.09855e+00
1.65000e-02     1.09853e+00
1.67500e-02     1.09851e+00
1.70000e-02     1.09850e+00
1.72500e-02     1.09849e+00
1.75000e-02     1.09848e+00
1.77500e-02     1.09847e+00
1.80000e-02     1.09846e+00
1.82500e-02     1.09846e+00
1.85000e-02     1.09846e+00
1.87500e-02     1.09846e+00
1.90000e-02     1.09846e+00
1.92500e-02     1.09846e+00
1.95000e-02     1.09847e+00
1.97500e-02     1.09848e+00
2.00000e-02     1.09848e+00
2.02500e-02     1.09849e+00
2.05000e-02     1.09850e+00
2.07500e-02     1.09851e+00
2.10000e-02     1.09852e+00
2.12500e-02     1.09853e+00
2.15000e-02     1.09854e+00
2.17500e-02     1.09854e+00
2.20000e-02     1.09855e+00
2.22500e-02     1.09856e+00
2.25000e-02     1.09857e+00
2.27500e-02     1.09857e+00
2.30000e-02     1.09858e+00
2.32500e-02     1.09858e+00
2.35000e-02     1.09858e+00
2.37500e-02     1.09858e+00
2.40000e-02     1.09858e+00
2.42500e-02     1.09858e+00
2.45000e-02     1.09858e+00
2.47500e-02     1.09857e+00
2.50000e-02     1.09856e+00
2.52500e-02     1.09855e+00
2.55000e-02     1.09854e+00
2.57500e-02     1.09853e+00
2.60000e-02     1.09852e+00
2.62500e-02     1.09851e+00
2.65000e-02     1.09850e+00
2.67500e-02     1.09848e+00
2.70000e-02     1.09847e+00
2.72500e-02     1.09845e+00
2.75000e-02     1.09843e+00
2.77500e-02     1.09841e+00
2.80000e-02     1.09839e+00
2.82500e-02     1.09837e+00
2.85000e-02     1.09835e+00
2.87500e-02     1.09833e+00
2.90000e-02     1.09831e+00
2.92500e-02     1.09829e+00
2.95000e-02     1.09826e+00
2.97500e-02     1.09824e+00
3.00000e-02     1.09822e+00
3.02500e-02     1.09820e+00
3.05000e-02     1.09817e+00
3.07500e-02     1.09815e+00
3.10000e-02     1.09813e+00
3.12500e-02     1.09811e+00
3.15000e-02     1.09809e+00
3.17500e-02     1.09807e+00
3.20000e-02     1.09805e+00
3.22500e-02     1.09803e+00
3.25000e-02     1.09802e+00
3.27500e-02     1.09800e+00
3.30000e-02     1.09799e+00
3.32500e-02     1.09797e+00
3.35000e-02     1.09796e+00
3.37500e-02     1.09795e+00
3.40000e-02     1.09795e+00
3.42500e-02     1.09794e+00
3.45000e-02     1.09793e+00
3.47500e-02     1.09793e+00
3.50000e-02     1.09793e+00
3.52500e-02     1.09793e+00
3.55000e-02     1.09793e+00
3.57500e-02     1.09793e+00
3.60000e-02     1.09793e+00
3.62500e-02     1.09794e+00
3.65000e-02     1.09795e+00
3.67500e-02     1.09796e+00
3.70000e-02     1.09796e+00
3.72500e-02     1.09798e+00
3.75000e-02     1.09799e+00
3.77500e-02     1.09800e+00
3.80000e-02     1.09802e+00
3.82500e-02     1.09804e+00
3.85000e-02     1.09805e+00
3.87500e-02     1.09807e+00
3.90000e-02     1.09809e+00
3.92500e-02     1.09811e+00
3.95000e-02     1.09813e+00
3.97500e-02     1.09815e+00
4.00000e-02     1.09817e+00
4.02500e-02     1.09819e+00
4.05000e-02     1.09821e+00
4.07500e-02     1.09823e+00
4.10000e-02     1.09825e+00
4.12500e-02     1.09827e+00
4.15000e-02     1.09829e+00
4.17500e-02     1.09831e+00
4.20000e-02     1.09833e+00
4.22500e-02     1.09835e+00
4.25000e-02     1.09837e+00
4.27500e-02     1.09839e+00
4.30000e-02     1.09841e+00
4.32500e-02     1.09842e+00
4.35000e-02     1.09844e+00
4.37500e-02     1.09845e+00
4.40000e-02     1.09847e+00
4.42500e-02     1.09848e+00
4.45000e-02     1.09850e+00
4.47500e-02     1.09851e+00
4.50000e-02     1.09852e+00
4.52500e-02     1.09853e+00
4.55000e-02     1.09854e+00
4.57500e-02     1.09854e+00
4.60000e-02     1.09855e+00
4.62500e-02     1.09856e+00
4.65000e-02     1.09856e+00
4.67500e-02     1.09857e+00
4.70000e-02     1.09857e+00
4.72500e-02     1.09857e+00
4.75000e-02     1.09857e+00
4.77500e-02     1.09857e+00
4.80000e-02     1.09857e+00
4.82500e-02     1.09857e+00
4.85000e-02     1.09857e+00
4.87500e-02     1.09856e+00
4.90000e-02     1.09856e+00
4.92500e-02     1.09855e+00
4.95000e-02     1.09855e+00
4.97500e-02     1.09854e+00
5.00000e-02     1.09853e+00
5.02500e-02     1.09852e+00
5.05000e-02     1.09851e+00
5.07500e-02     1.09850e+00
5.10000e-02     1.09849e+00
5.12500e-02     1.09848e+00
5.15000e-02     1.09847e+00
5.17500e-02     1.09846e+00
5.20000e-02     1.09844e+00
5.22500e-02     1.09843e+00
5.25000e-02     1.09842e+00
5.27500e-02     1.09841e+00
5.30000e-02     1.09840e+00
5.32500e-02     1.09839e+00
5.35000e-02     1.09838e+00
5.37500e-02     1.09836e+00
5.40000e-02     1.09835e+00
5.42500e-02     1.09834e+00
5.45000e-02     1.09833e+00
5.47500e-02     1.09832e+00
5.50000e-02     1.09832e+00
5.52500e-02     1.09831e+00
5.55000e-02     1.09830e+00
5.57500e-02     1.09830e+00
5.60000e-02     1.09829e+00
5.62500e-02     1.09829e+00
5.65000e-02     1.09828e+00
5.67500e-02     1.09828e+00
5.70000e-02     1.09828e+00
5.72500e-02     1.09828e+00
5.75000e-02     1.09828e+00
5.77500e-02     1.09828e+00
5.80000e-02     1.09829e+00
5.82500e-02     1.09829e+00
5.85000e-02     1.09829e+00
5.87500e-02     1.09830e+00
5.90000e-02     1.09831e+00
5.92500e-02     1.09831e+00
5.95000e-02     1.09832e+00
5.97500e-02     1.09833e+00
6.00000e-02     1.09834e+00
6.02500e-02     1.09835e+00
6.05000e-02     1.09837e+00
6.07500e-02     1.09838e+00
6.10000e-02     1.09839e+00
6.12500e-02     1.09841e+00
6.15000e-02     1.09842e+00
6.17500e-02     1.09844e+00
6.20000e-02     1.09846e+00
6.22500e-02     1.09847e+00
6.25000e-02     1.09849e+00
6.27500e-02     1.09851e+00
6.30000e-02     1.09853e+00
6.32500e-02     1.09855e+00
6.35000e-02     1.09856e+00
6.37500e-02     1.09858e+00
6.40000e-02     1.09860e+00
6.42500e-02     1.09862e+00
6.45000e-02     1.09864e+00
6.47500e-02     1.09866e+00
6.50000e-02     1.09868e+00
6.52500e-02     1.09870e+00
6.55000e-02     1.09872e+00
6.57500e-02     1.09873e+00
6.60000e-02     1.09875e+00
6.62500e-02     1.09877e+00
6.65000e-02     1.09878e+00
6.67500e-02     1.09880e+00
6.70000e-02     1.09882e+00
6.72500e-02     1.09883e+00
6.75000e-02     1.09884e+00
6.77500e-02     1.09886e+00
6.80000e-02     1.09887e+00
6.82500e-02     1.09888e+00
6.85000e-02     1.09889e+00
6.87500e-02     1.09890e+00
6.90000e-02     1.09891e+00
6.92500e-02     1.09892e+00
6.95000e-02     1.09893e+00
6.97500e-02     1.09893e+00
7.00000e-02     1.09894e+00
7.02500e-02     1.09894e+00
7.05000e-02     1.09895e+00
7.07500e-02     1.09895e+00
7.10000e-02     1.09895e+00
7.12500e-02     1.09895e+00
7.15000e-02     1.09895e+00
7.17500e-02     1.09895e+00
7.20000e-02     1.09895e+00
7.22500e-02     1.09895e+00
7.25000e-02     1.09895e+00
7.27500e-02     1.09895e+00
7.30000e-02     1.09894e+00
7.32500e-02     1.09894e+00
7.35000e-02     1.09894e+00
7.37500e-02     1.09893e+00
7.40000e-02     1.09892e+00
7.42500e-02     1.09892e+00
7.45000e-02     1.09891e+00
7.47500e-02     1.09890e+00
7.50000e-02     1.09890e+00
7.52500e-02     1.09889e+00
7.55000e-02     1.09888e+00
7.57500e-02     1.09887e+00
7.60000e-02     1.09887e+00
7.62500e-02     1.09886e+00
7.65000e-02     1.09885e+00
7.67500e-02     1.09884e+00
7.70000e-02     1.09884e+00
7.72500e-02     1.09883e+00
7.75000e-02     1.09882e+00
7.77500e-02     1.09881e+00
7.80000e-02     1.09881e+00
7.82500e-02     1.09880e+00
7.85000e-02     1.09879e+00
7.87500e-02     1.09879e+00
7.90000e-02     1.09878e+00
7.92500e-02     1.09878e+00
7.95000e-02     1.09877e+00
7.97500e-02     1.09877e+00
8.00000e-02     1.09877e+00
8.02500e-02     1.09877e+00
8.05000e-02     1.09877e+00
8.07500e-02     1.09877e+00
8.10000e-02     1.09876e+00
8.12500e-02     1.09876e+00
8.15000e-02     1.09877e+00
8.17500e-02     1.09877e+00
8.20000e-02     1.09877e+00
8.22500e-02     1.09878e+00
8.25000e-02     1.09878e+00
8.27500e-02     1.09879e+00
8.30000e-02     1.09879e+00
8.32500e-02     1.09880e+00
8.35000e-02     1.09881e+00
8.37500e-02     1.09882e+00
8.40000e-02     1.09883e+00
8.42500e-02     1.09884e+00
8.45000e-02     1.09885e+00
8.47500e-02     1.09886e+00
8.50000e-02     1.09888e+00
8.52500e-02     1.09889e+00
8.55000e-02     1.09891e+00
8.57500e-02     1.09892e+00
8.60000e-02     1.09894e+00
8.62500e-02     1.09895e+00
8.65000e-02     1.09897e+00
8.67500e-02     1.09899e+00
8.70000e-02     1.09901e+00
8.72500e-02     1.09902e+00
8.75000e-02     1.09904e+00
8.77500e-02     1.09906e+00
8.80000e-02     1.09908e+00
8.82500e-02     1.09910e+00
8.85000e-02     1.09912e+00
8.87500e-02     1.09914e+00
8.90000e-02     1.09916e+00
8.92500e-02     1.09919e+00
8.95000e-02     1.09921e+00
8.97500e-02     1.09923e+00
9.00000e-02     1.09925e+00
9.02500e-02     1.09927e+00
9.05000e-02     1.09929e+00
9.07500e-02     1.09931e+00
9.10000e-02     1.09933e+00
9.12500e-02     1.09935e+00
9.15000e-02     1.09937e+00
9.17500e-02     1.09940e+00
9.20000e-02     1.09942e+00
9.22500e-02     1.09944e+00
9.25000e-02     1.09946e+00
9.27500e-02     1.09948e+00
9.30000e-02     1.09950e+00
9.32500e-02     1.09951e+00
9.35000e-02     1.09953e+00
9.37500e-02     1.09955e+00
9.40000e-02     1.09957e+00
9.42500e-02     1.09959e+00
9.45000e-02     1.09960e+00
9.47500e-02     1.09962e+00
9.50000e-02     1.09964e+00
9.52500e-02     1.09965e+00
9.55000e-02     1.09967e+00
9.57500e-02     1.09968e+00
9.60000e-02     1.09970e+00
9.62500e-02     1.09971e+00
9.65000e-02     1.09973e+00
9.67500e-02     1.09974e+00
9.70000e-02     1.09976e+00
9.72500e-02     1.09977e+00
9.75000e-02     1.09978e+00
9.77500e-02     1.09979e+00
9.80000e-02     1.09980e+00
9.82500e-02     1.09982e+00
9.85000e-02     1.09983e+00
9.87500e-02     1.09984e+00
9.90000e-02     1.09985e+00
9.92500e-02     1.09986e+00
9.95000e-02     1.09986e+00
9.97500e-02     1.09987e+00
1.00000e-01     1.09988e+00
1.00250e-01     1.09989e+00
1.00500e-01     1.09990e+00
1.00750e-01     1.09990e+00
1.01000e-01     1.09991e+00
1.01250e-01     1.09992e+00
1.01500e-01     1.09992e+00
1.01750e-01     1.09993e+00
1.02000e-01     1.09993e+00
1.02250e-01     1.09994e+00
1.02500e-01     1.09994e+00
1.02750e-01     1.09995e+00
1.03000e-01     1.09995e+00
1.03250e-01     1.09995e+00
1.03500e-01     1.09996e+00
1.03750e-01     1.09996e+00
1.04000e-01     1.09996e+00
1.04250e-01     1.09997e+00
1.04500e-01     1.09997e+00
1.04750e-01     1.09997e+00
1.05000e-01     1.09997e+00
1.05250e-01     1.09997e+00
1.05500e-01     1.09997e+00
1.05750e-01     1.09997e+00
1.06000e-01     1.09997e+00
1.06250e-01     1.09997e+00
1.06500e-01     1.09997e+00
1.06750e-01     1.09997e+00
1.07000e-01     1.09997e+00
1.07250e-01     1.09997e+00
1.07500e-01     1.09997e+00
1.07750e-01     1.09997e+00
1.08000e-01     1.09996e+00
1.08250e-01     1.09996e+00
1.08500e-01     1.09996e+00
1.08750e-01     1.09996e+00
1.09000e-01     1.09995e+00
1.09250e-01     1.09995e+00
1.09500e-01     1.09995e+00
1.09750e-01     1.09994e+00
1.10000e-01     1.09994e+00
1.10250e-01     1.09993e+00
1.10500e-01     1.09993e+00
1.10750e-01     1.09992e+00
1.11000e-01     1.09991e+00
1.11250e-01     1.09991e+00
1.11500e-01     1.09990e+00
1.11750e-01     1.09990e+00
1.12000e-01     1.09989e+00
1.12250e-01     1.09988e+00
1.12500e-01     1.09987e+00
1.12750e-01     1.09987e+00
1.13000e-01     1.09986e+00
1.13250e-01     1.09985e+00
1.13500e-01     1.09984e+00
1.13750e-01     1.09983e+00
1.14000e-01     1.09982e+00
1.14250e-01     1.09981e+00
1.14500e-01     1.09980e+00
1.14750e-01     1.09979e+00
1.15000e-01     1.09978e+00
