"Lift Convergence"
"Flow Time" "cl"
1.60250e-01     5.91702e-02
1.60500e-01     5.91579e-02
1.60750e-01     5.88132e-02
1.61000e-01     5.81484e-02
1.61250e-01     5.71842e-02
1.61500e-01     5.59222e-02
1.61750e-01     5.43802e-02
1.62000e-01     5.25630e-02
1.62250e-01     5.04985e-02
1.62500e-01     4.82045e-02
1.62750e-01     4.56985e-02
1.63000e-01     4.30002e-02
1.63250e-01     4.01088e-02
1.63500e-01     3.70557e-02
1.63750e-01     3.38537e-02
1.64000e-01     3.05303e-02
1.64250e-01     2.70913e-02
1.64500e-01     2.35626e-02
1.64750e-01     1.99462e-02
1.65000e-01     1.62635e-02
1.65250e-01     1.25292e-02
1.65500e-01     8.76052e-03
1.65750e-01     4.96005e-03
1.66000e-01     1.14936e-03
1.66250e-01     -2.66456e-03
1.66500e-01     -6.46840e-03
1.66750e-01     -1.02501e-02
1.67000e-01     -1.40119e-02
1.67250e-01     -1.77464e-02
1.67500e-01     -2.14425e-02
1.67750e-01     -2.51033e-02
1.68000e-01     -2.87224e-02
1.68250e-01     -3.22895e-02
1.68500e-01     -3.58039e-02
1.68750e-01     -3.92787e-02
1.69000e-01     -4.27017e-02
1.69250e-01     -4.60713e-02
1.69500e-01     -4.93873e-02
1.69750e-01     -5.26431e-02
1.70000e-01     -5.58422e-02
1.70250e-01     -5.89860e-02
1.70500e-01     -6.20711e-02
1.70750e-01     -6.50953e-02
1.71000e-01     -6.80541e-02
1.71250e-01     -7.09526e-02
1.71500e-01     -7.37869e-02
1.71750e-01     -7.65653e-02
1.72000e-01     -7.92659e-02
1.72250e-01     -8.18858e-02
1.72500e-01     -8.44261e-02
1.72750e-01     -8.68712e-02
1.73000e-01     -8.92278e-02
1.73250e-01     -9.14891e-02
1.73500e-01     -9.36442e-02
1.73750e-01     -9.56811e-02
1.74000e-01     -9.75944e-02
1.74250e-01     -9.93849e-02
1.74500e-01     -1.01036e-01
1.74750e-01     -1.02548e-01
1.75000e-01     -1.03907e-01
1.75250e-01     -1.05111e-01
1.75500e-01     -1.06158e-01
1.75750e-01     -1.07027e-01
1.76000e-01     -1.07726e-01
1.76250e-01     -1.08248e-01
1.76500e-01     -1.08586e-01
1.76750e-01     -1.08742e-01
1.77000e-01     -1.08715e-01
1.77250e-01     -1.08500e-01
1.77500e-01     -1.08100e-01
1.77750e-01     -1.07525e-01
1.78000e-01     -1.06782e-01
1.78250e-01     -1.05857e-01
1.78500e-01     -1.04776e-01
1.78750e-01     -1.03547e-01
1.79000e-01     -1.02169e-01
1.79250e-01     -1.00660e-01
1.79500e-01     -9.90328e-02
1.79750e-01     -9.72970e-02
1.80000e-01     -9.54697e-02
1.80250e-01     -9.35661e-02
1.80500e-01     -9.15948e-02
1.80750e-01     -8.95943e-02
1.81000e-01     -8.75658e-02
1.81250e-01     -8.55279e-02
1.81500e-01     -8.34962e-02
1.81750e-01     -8.14965e-02
1.82000e-01     -7.95426e-02
1.82250e-01     -7.76571e-02
1.82500e-01     -7.58588e-02
1.82750e-01     -7.41610e-02
1.83000e-01     -7.25757e-02
1.83250e-01     -7.11227e-02
1.83500e-01     -6.98130e-02
1.83750e-01     -6.86614e-02
1.84000e-01     -6.76777e-02
1.84250e-01     -6.68713e-02
1.84500e-01     -6.62458e-02
1.84750e-01     -6.58151e-02
1.85000e-01     -6.55867e-02
1.85250e-01     -6.55618e-02
1.85500e-01     -6.57366e-02
1.85750e-01     -6.61090e-02
1.86000e-01     -6.66730e-02
1.86250e-01     -6.74275e-02
1.86500e-01     -6.83668e-02
1.86750e-01     -6.94882e-02
1.87000e-01     -7.07816e-02
1.87250e-01     -7.22319e-02
1.87500e-01     -7.38288e-02
1.87750e-01     -7.55492e-02
1.88000e-01     -7.73854e-02
1.88250e-01     -7.93181e-02
1.88500e-01     -8.13278e-02
1.88750e-01     -8.33987e-02
1.89000e-01     -8.55061e-02
1.89250e-01     -8.76320e-02
1.89500e-01     -8.97479e-02
1.89750e-01     -9.18386e-02
1.90000e-01     -9.38883e-02
1.90250e-01     -9.58666e-02
1.90500e-01     -9.77544e-02
1.90750e-01     -9.95330e-02
1.91000e-01     -1.01176e-01
1.91250e-01     -1.02668e-01
1.91500e-01     -1.03994e-01
1.91750e-01     -1.05122e-01
1.92000e-01     -1.06043e-01
1.92250e-01     -1.06740e-01
1.92500e-01     -1.07203e-01
1.92750e-01     -1.07420e-01
1.93000e-01     -1.07368e-01
1.93250e-01     -1.07040e-01
1.93500e-01     -1.06433e-01
1.93750e-01     -1.05539e-01
1.94000e-01     -1.04355e-01
1.94250e-01     -1.02872e-01
1.94500e-01     -1.01087e-01
1.94750e-01     -9.90138e-02
1.95000e-01     -9.66411e-02
1.95250e-01     -9.39797e-02
1.95500e-01     -9.10410e-02
1.95750e-01     -8.78273e-02
1.96000e-01     -8.43546e-02
1.96250e-01     -8.06380e-02
1.96500e-01     -7.66779e-02
1.96750e-01     -7.24984e-02
1.97000e-01     -6.81133e-02
1.97250e-01     -6.35406e-02
1.97500e-01     -5.88064e-02
1.97750e-01     -5.39308e-02
1.98000e-01     -4.89215e-02
1.98250e-01     -4.38118e-02
1.98500e-01     -3.86345e-02
1.98750e-01     -3.33981e-02
1.99000e-01     -2.81280e-02
1.99250e-01     -2.28532e-02
1.99500e-01     -1.75950e-02
1.99750e-01     -1.23887e-02
2.00000e-01     -7.25353e-03
2.00250e-01     -2.21270e-03
2.00500e-01     2.70824e-03
2.00750e-01     7.48625e-03
2.01000e-01     1.20993e-02
2.01250e-01     1.65244e-02
2.01500e-01     2.07384e-02
2.01750e-01     2.47153e-02
2.02000e-01     2.84460e-02
2.02250e-01     3.19035e-02
2.02500e-01     3.50800e-02
2.02750e-01     3.79639e-02
2.03000e-01     4.05350e-02
2.03250e-01     4.27841e-02
2.03500e-01     4.46992e-02
2.03750e-01     4.62700e-02
2.04000e-01     4.74945e-02
2.04250e-01     4.83679e-02
2.04500e-01     4.88858e-02
2.04750e-01     4.90452e-02
2.05000e-01     4.88437e-02
2.05250e-01     4.83001e-02
2.05500e-01     4.74023e-02
2.05750e-01     4.61576e-02
2.06000e-01     4.45774e-02
2.06250e-01     4.26752e-02
2.06500e-01     4.04580e-02
2.06750e-01     3.79305e-02
2.07000e-01     3.51176e-02
2.07250e-01     3.20269e-02
2.07500e-01     2.86739e-02
2.07750e-01     2.50765e-02
2.08000e-01     2.12493e-02
2.08250e-01     1.72123e-02
2.08500e-01     1.29754e-02
2.08750e-01     8.56530e-03
2.09000e-01     3.99878e-03
2.09250e-01     -7.05999e-04
2.09500e-01     -5.52719e-03
2.09750e-01     -1.04493e-02
2.10000e-01     -1.54435e-02
2.10250e-01     -2.04942e-02
2.10500e-01     -2.55926e-02
2.10750e-01     -3.07160e-02
2.11000e-01     -3.58458e-02
2.11250e-01     -4.09649e-02
2.11500e-01     -4.60595e-02
2.11750e-01     -5.11077e-02
2.12000e-01     -5.60906e-02
2.12250e-01     -6.09985e-02
2.12500e-01     -6.58266e-02
2.12750e-01     -7.05613e-02
2.13000e-01     -7.51862e-02
2.13250e-01     -7.96830e-02
2.13500e-01     -8.40475e-02
2.13750e-01     -8.82704e-02
2.14000e-01     -9.23368e-02
2.14250e-01     -9.62469e-02
2.14500e-01     -9.99903e-02
2.14750e-01     -1.03566e-01
2.15000e-01     -1.06946e-01
2.15250e-01     -1.10159e-01
2.15500e-01     -1.13192e-01
2.15750e-01     -1.16029e-01
2.16000e-01     -1.18680e-01
2.16250e-01     -1.21137e-01
2.16500e-01     -1.23395e-01
2.16750e-01     -1.25447e-01
2.17000e-01     -1.27303e-01
2.17250e-01     -1.28959e-01
2.17500e-01     -1.30410e-01
2.17750e-01     -1.31668e-01
2.18000e-01     -1.32727e-01
2.18250e-01     -1.33590e-01
2.18500e-01     -1.34249e-01
2.18750e-01     -1.34723e-01
2.19000e-01     -1.35002e-01
2.19250e-01     -1.35097e-01
2.19500e-01     -1.35003e-01
2.19750e-01     -1.34718e-01
2.20000e-01     -1.34264e-01
2.20250e-01     -1.33632e-01
2.20500e-01     -1.32831e-01
2.20750e-01     -1.31858e-01
2.21000e-01     -1.30725e-01
2.21250e-01     -1.29439e-01
2.21500e-01     -1.27992e-01
2.21750e-01     -1.26399e-01
2.22000e-01     -1.24665e-01
2.22250e-01     -1.22802e-01
2.22500e-01     -1.20815e-01
2.22750e-01     -1.18708e-01
2.23000e-01     -1.16488e-01
2.23250e-01     -1.14172e-01
2.23500e-01     -1.11750e-01
2.23750e-01     -1.09248e-01
2.24000e-01     -1.06665e-01
2.24250e-01     -1.04022e-01
2.24500e-01     -1.01315e-01
2.24750e-01     -9.85655e-02
2.25000e-01     -9.57806e-02
2.25250e-01     -9.29727e-02
2.25500e-01     -9.01413e-02
2.25750e-01     -8.73021e-02
2.26000e-01     -8.44688e-02
2.26250e-01     -8.16477e-02
2.26500e-01     -7.88536e-02
2.26750e-01     -7.60905e-02
2.27000e-01     -7.33796e-02
2.27250e-01     -7.07198e-02
2.27500e-01     -6.81251e-02
2.27750e-01     -6.56090e-02
2.28000e-01     -6.31670e-02
2.28250e-01     -6.08105e-02
2.28500e-01     -5.85496e-02
2.28750e-01     -5.63872e-02
2.29000e-01     -5.43397e-02
2.29250e-01     -5.24058e-02
2.29500e-01     -5.05873e-02
2.29750e-01     -4.89032e-02
2.30000e-01     -4.73293e-02
2.30250e-01     -4.58767e-02
2.30500e-01     -4.45637e-02
2.30750e-01     -4.33756e-02
2.31000e-01     -4.23092e-02
2.31250e-01     -4.13816e-02
2.31500e-01     -4.05731e-02
2.31750e-01     -3.98807e-02
2.32000e-01     -3.93078e-02
2.32250e-01     -3.88455e-02
2.32500e-01     -3.84872e-02
2.32750e-01     -3.82272e-02
2.33000e-01     -3.80705e-02
2.33250e-01     -3.79916e-02
2.33500e-01     -3.79891e-02
2.33750e-01     -3.80563e-02
2.34000e-01     -3.81806e-02
2.34250e-01     -3.83559e-02
2.34500e-01     -3.85711e-02
2.34750e-01     -3.88243e-02
2.35000e-01     -3.90904e-02
2.35250e-01     -3.93618e-02
2.35500e-01     -3.96345e-02
2.35750e-01     -3.99037e-02
2.36000e-01     -4.01434e-02
2.36250e-01     -4.03547e-02
2.36500e-01     -4.05261e-02
2.36750e-01     -4.06532e-02
2.37000e-01     -4.07164e-02
2.37250e-01     -4.07192e-02
2.37500e-01     -4.06532e-02
2.37750e-01     -4.05129e-02
2.38000e-01     -4.02872e-02
2.38250e-01     -3.99735e-02
2.38500e-01     -3.95742e-02
2.38750e-01     -3.90796e-02
2.39000e-01     -3.84995e-02
2.39250e-01     -3.78117e-02
2.39500e-01     -3.70229e-02
2.39750e-01     -3.61408e-02
2.40000e-01     -3.51670e-02
2.40250e-01     -3.41043e-02
2.40500e-01     -3.29493e-02
2.40750e-01     -3.17237e-02
2.41000e-01     -3.04134e-02
2.41250e-01     -2.90315e-02
2.41500e-01     -2.75859e-02
2.41750e-01     -2.60874e-02
2.42000e-01     -2.45414e-02
2.42250e-01     -2.29541e-02
2.42500e-01     -2.13431e-02
2.42750e-01     -1.97116e-02
2.43000e-01     -1.80703e-02
2.43250e-01     -1.64299e-02
2.43500e-01     -1.48067e-02
2.43750e-01     -1.32042e-02
2.44000e-01     -1.16416e-02
2.44250e-01     -1.01247e-02
2.44500e-01     -8.66201e-03
2.44750e-01     -7.27197e-03
2.45000e-01     -5.96094e-03
2.45250e-01     -4.73306e-03
2.45500e-01     -3.60076e-03
2.45750e-01     -2.57994e-03
2.46000e-01     -1.67450e-03
2.46250e-01     -8.94199e-04
2.46500e-01     -2.38498e-04
2.46750e-01     2.76326e-04
2.47000e-01     6.52780e-04
2.47250e-01     8.78251e-04
2.47500e-01     9.48508e-04
2.47750e-01     8.63351e-04
2.48000e-01     6.21783e-04
2.48250e-01     2.16394e-04
2.48500e-01     -3.48265e-04
2.48750e-01     -1.07628e-03
2.49000e-01     -1.96278e-03
2.49250e-01     -3.00832e-03
2.49500e-01     -4.20586e-03
2.49750e-01     -5.55642e-03
2.50000e-01     -7.05766e-03
2.50250e-01     -8.70634e-03
2.50500e-01     -1.04877e-02
2.50750e-01     -1.24073e-02
2.51000e-01     -1.44542e-02
2.51250e-01     -1.66195e-02
2.51500e-01     -1.88957e-02
2.51750e-01     -2.12763e-02
2.52000e-01     -2.37461e-02
2.52250e-01     -2.63016e-02
2.52500e-01     -2.89419e-02
2.52750e-01     -3.16535e-02
2.53000e-01     -3.44231e-02
2.53250e-01     -3.72351e-02
2.53500e-01     -4.00910e-02
2.53750e-01     -4.29835e-02
2.54000e-01     -4.58926e-02
2.54250e-01     -4.88128e-02
2.54500e-01     -5.17301e-02
2.54750e-01     -5.46387e-02
2.55000e-01     -5.75298e-02
2.55250e-01     -6.03974e-02
2.55500e-01     -6.32319e-02
2.55750e-01     -6.60292e-02
2.56000e-01     -6.87709e-02
2.56250e-01     -7.14527e-02
2.56500e-01     -7.40742e-02
2.56750e-01     -7.66269e-02
2.57000e-01     -7.91002e-02
2.57250e-01     -8.14777e-02
2.57500e-01     -8.37742e-02
2.57750e-01     -8.59761e-02
2.58000e-01     -8.80751e-02
2.58250e-01     -9.00639e-02
2.58500e-01     -9.19442e-02
2.58750e-01     -9.37117e-02
2.59000e-01     -9.53574e-02
2.59250e-01     -9.68805e-02
2.59500e-01     -9.82829e-02
2.59750e-01     -9.95643e-02
2.60000e-01     -1.00720e-01
2.60250e-01     -1.01747e-01
2.60500e-01     -1.02641e-01
2.60750e-01     -1.03404e-01
2.61000e-01     -1.04042e-01
2.61250e-01     -1.04547e-01
2.61500e-01     -1.04922e-01
2.61750e-01     -1.05169e-01
2.62000e-01     -1.05292e-01
2.62250e-01     -1.05292e-01
2.62500e-01     -1.05164e-01
2.62750e-01     -1.04916e-01
2.63000e-01     -1.04554e-01
2.63250e-01     -1.04075e-01
2.63500e-01     -1.03485e-01
2.63750e-01     -1.02787e-01
2.64000e-01     -1.01983e-01
2.64250e-01     -1.01085e-01
2.64500e-01     -1.00088e-01
2.64750e-01     -9.89989e-02
2.65000e-01     -9.78221e-02
2.65250e-01     -9.65691e-02
2.65500e-01     -9.52421e-02
2.65750e-01     -9.38494e-02
2.66000e-01     -9.23957e-02
2.66250e-01     -9.08860e-02
2.66500e-01     -8.93252e-02
2.66750e-01     -8.77289e-02
2.67000e-01     -8.60945e-02
2.67250e-01     -8.44291e-02
2.67500e-01     -8.27477e-02
2.67750e-01     -8.10499e-02
2.68000e-01     -7.93454e-02
2.68250e-01     -7.76442e-02
2.68500e-01     -7.59480e-02
2.68750e-01     -7.42665e-02
2.69000e-01     -7.26081e-02
2.69250e-01     -7.09797e-02
2.69500e-01     -6.93871e-02
2.69750e-01     -6.78345e-02
2.70000e-01     -6.63318e-02
2.70250e-01     -6.48860e-02
2.70500e-01     -6.35022e-02
2.70750e-01     -6.21837e-02
2.71000e-01     -6.09373e-02
2.71250e-01     -5.97755e-02
2.71500e-01     -5.86857e-02
2.71750e-01     -5.76737e-02
2.72000e-01     -5.67546e-02
2.72250e-01     -5.59262e-02
2.72500e-01     -5.51897e-02
2.72750e-01     -5.45476e-02
2.73000e-01     -5.40012e-02
2.73250e-01     -5.35512e-02
2.73500e-01     -5.31977e-02
2.73750e-01     -5.29435e-02
2.74000e-01     -5.27811e-02
2.74250e-01     -5.27081e-02
2.74500e-01     -5.27279e-02
2.74750e-01     -5.28343e-02
2.75000e-01     -5.30252e-02
2.75250e-01     -5.32966e-02
2.75500e-01     -5.36409e-02
2.75750e-01     -5.40570e-02
2.76000e-01     -5.45399e-02
2.76250e-01     -5.50790e-02
2.76500e-01     -5.56724e-02
2.76750e-01     -5.63081e-02
2.77000e-01     -5.69778e-02
2.77250e-01     -5.76769e-02
2.77500e-01     -5.84037e-02
2.77750e-01     -5.91412e-02
2.78000e-01     -5.98845e-02
2.78250e-01     -6.06233e-02
2.78500e-01     -6.13498e-02
2.78750e-01     -6.20583e-02
2.79000e-01     -6.27384e-02
2.79250e-01     -6.33890e-02
2.79500e-01     -6.39913e-02
2.79750e-01     -6.45395e-02
2.80000e-01     -6.50272e-02
2.80250e-01     -6.54514e-02
2.80500e-01     -6.58025e-02
2.80750e-01     -6.60731e-02
2.81000e-01     -6.62584e-02
2.81250e-01     -6.63499e-02
2.81500e-01     -6.63456e-02
2.81750e-01     -6.62411e-02
2.82000e-01     -6.60345e-02
2.82250e-01     -6.57244e-02
2.82500e-01     -6.53026e-02
2.82750e-01     -6.47671e-02
2.83000e-01     -6.41215e-02
2.83250e-01     -6.33683e-02
2.83500e-01     -6.25014e-02
2.83750e-01     -6.15194e-02
2.84000e-01     -6.04394e-02
2.84250e-01     -5.92558e-02
2.84500e-01     -5.79721e-02
2.84750e-01     -5.66015e-02
2.85000e-01     -5.51461e-02
2.85250e-01     -5.35972e-02
2.85500e-01     -5.19678e-02
2.85750e-01     -5.02683e-02
2.86000e-01     -4.85105e-02
2.86250e-01     -4.66995e-02
2.86500e-01     -4.48451e-02
2.86750e-01     -4.29565e-02
2.87000e-01     -4.10440e-02
2.87250e-01     -3.91201e-02
2.87500e-01     -3.71877e-02
2.87750e-01     -3.52588e-02
2.88000e-01     -3.33382e-02
2.88250e-01     -3.14554e-02
2.88500e-01     -2.96161e-02
2.88750e-01     -2.78225e-02
2.89000e-01     -2.60845e-02
2.89250e-01     -2.44121e-02
2.89500e-01     -2.28232e-02
2.89750e-01     -2.13169e-02
2.90000e-01     -1.99068e-02
2.90250e-01     -1.86069e-02
2.90500e-01     -1.74165e-02
2.90750e-01     -1.63519e-02
2.91000e-01     -1.54218e-02
2.91250e-01     -1.46262e-02
2.91500e-01     -1.39741e-02
2.91750e-01     -1.34689e-02
2.92000e-01     -1.31115e-02
2.92250e-01     -1.29153e-02
2.92500e-01     -1.28759e-02
2.92750e-01     -1.29995e-02
2.93000e-01     -1.32866e-02
2.93250e-01     -1.37326e-02
2.93500e-01     -1.43404e-02
2.93750e-01     -1.51097e-02
2.94000e-01     -1.60385e-02
2.94250e-01     -1.71243e-02
2.94500e-01     -1.83655e-02
2.94750e-01     -1.97512e-02
2.95000e-01     -2.12812e-02
2.95250e-01     -2.29502e-02
2.95500e-01     -2.47511e-02
2.95750e-01     -2.66719e-02
2.96000e-01     -2.87139e-02
2.96250e-01     -3.08662e-02
2.96500e-01     -3.31185e-02
2.96750e-01     -3.54503e-02
2.97000e-01     -3.78717e-02
2.97250e-01     -4.03657e-02
2.97500e-01     -4.29244e-02
2.97750e-01     -4.55325e-02
2.98000e-01     -4.81750e-02
2.98250e-01     -5.08494e-02
2.98500e-01     -5.35456e-02
2.98750e-01     -5.62489e-02
2.99000e-01     -5.89441e-02
2.99250e-01     -6.16298e-02
2.99500e-01     -6.42914e-02
2.99750e-01     -6.69210e-02
3.00000e-01     -6.95034e-02
3.00250e-01     -7.20280e-02
3.00500e-01     -7.44916e-02
3.00750e-01     -7.68841e-02
3.01000e-01     -7.91878e-02
3.01250e-01     -8.14091e-02
3.01500e-01     -8.35323e-02
3.01750e-01     -8.55544e-02
3.02000e-01     -8.74636e-02
3.02250e-01     -8.92545e-02
3.02500e-01     -9.09188e-02
3.02750e-01     -9.24567e-02
3.03000e-01     -9.38621e-02
