Flow Time cd
2.50000e-04     5.09563e+00
5.00000e-04     4.27134e+00
7.50000e-04     3.70910e+00
1.00000e-03     3.19660e+00
1.25000e-03     2.80923e+00
1.50000e-03     2.54025e+00
1.75000e-03     2.37664e+00
2.00000e-03     2.30571e+00
2.25000e-03     2.31429e+00
2.50000e-03     2.38763e+00
2.75000e-03     2.50908e+00
3.00000e-03     2.66031e+00
3.25000e-03     2.82214e+00
3.50000e-03     2.97643e+00
3.75000e-03     3.10784e+00
4.00000e-03     3.20539e+00
4.25000e-03     3.26354e+00
4.50000e-03     3.28203e+00
4.75000e-03     3.26512e+00
5.00000e-03     3.22031e+00
5.25000e-03     3.15661e+00
5.50000e-03     3.08298e+00
5.75000e-03     3.00716e+00
6.00000e-03     2.93482e+00
6.25000e-03     2.86943e+00
6.50000e-03     2.81233e+00
6.75000e-03     2.76323e+00
7.00000e-03     2.72082e+00
7.25000e-03     2.68327e+00
7.50000e-03     2.64872e+00
7.75000e-03     2.61557e+00
8.00000e-03     2.58259e+00
8.25000e-03     2.54901e+00
8.50000e-03     2.51440e+00
8.75000e-03     2.47860e+00
9.00000e-03     2.44164e+00
9.25000e-03     2.40365e+00
9.50000e-03     2.36477e+00
9.75000e-03     2.32518e+00
1.00000e-02     2.28500e+00
1.02500e-02     2.24435e+00
1.05000e-02     2.20329e+00
1.07500e-02     2.16186e+00
1.10000e-02     2.12004e+00
1.12500e-02     2.07775e+00
1.15000e-02     2.03492e+00
1.17500e-02     1.99142e+00
1.20000e-02     1.94717e+00
1.22500e-02     1.90209e+00
1.25000e-02     1.85616e+00
1.27500e-02     1.80943e+00
1.30000e-02     1.76204e+00
1.32500e-02     1.71422e+00
1.35000e-02     1.66623e+00
1.37500e-02     1.61847e+00
1.40000e-02     1.57132e+00
1.42500e-02     1.52521e+00
1.45000e-02     1.48053e+00
1.47500e-02     1.43758e+00
1.50000e-02     1.39671e+00
1.52500e-02     1.35809e+00
1.55000e-02     1.32185e+00
1.57500e-02     1.28802e+00
1.60000e-02     1.25661e+00
1.62500e-02     1.22751e+00
1.65000e-02     1.20059e+00
1.67500e-02     1.17578e+00
1.70000e-02     1.15288e+00
1.72500e-02     1.13177e+00
1.75000e-02     1.11238e+00
1.77500e-02     1.09467e+00
1.80000e-02     1.07859e+00
1.82500e-02     1.06417e+00
1.85000e-02     1.05144e+00
1.87500e-02     1.04056e+00
1.90000e-02     1.03161e+00
1.92500e-02     1.02478e+00
1.95000e-02     1.02025e+00
1.97500e-02     1.01826e+00
2.00000e-02     1.01890e+00
2.02500e-02     1.02241e+00
2.05000e-02     1.02893e+00
2.07500e-02     1.03860e+00
2.10000e-02     1.05151e+00
2.12500e-02     1.06769e+00
2.15000e-02     1.08713e+00
2.17500e-02     1.10968e+00
2.20000e-02     1.13522e+00
2.22500e-02     1.16351e+00
2.25000e-02     1.19425e+00
2.27500e-02     1.22708e+00
2.30000e-02     1.26158e+00
2.32500e-02     1.29729e+00
2.35000e-02     1.33372e+00
2.37500e-02     1.37033e+00
2.40000e-02     1.40663e+00
2.42500e-02     1.44212e+00
2.45000e-02     1.47633e+00
2.47500e-02     1.50880e+00
2.50000e-02     1.53912e+00
2.52500e-02     1.56690e+00
2.55000e-02     1.59186e+00
2.57500e-02     1.61367e+00
2.60000e-02     1.63215e+00
2.62500e-02     1.64714e+00
2.65000e-02     1.65851e+00
2.67500e-02     1.66623e+00
2.70000e-02     1.67029e+00
2.72500e-02     1.67075e+00
2.75000e-02     1.66776e+00
2.77500e-02     1.66139e+00
2.80000e-02     1.65187e+00
2.82500e-02     1.63947e+00
2.85000e-02     1.62446e+00
2.87500e-02     1.60715e+00
2.90000e-02     1.58783e+00
2.92500e-02     1.56686e+00
2.95000e-02     1.54458e+00
2.97500e-02     1.52125e+00
3.00000e-02     1.49724e+00
3.02500e-02     1.47282e+00
3.05000e-02     1.44821e+00
3.07500e-02     1.42368e+00
3.10000e-02     1.39942e+00
3.12500e-02     1.37563e+00
3.15000e-02     1.35238e+00
3.17500e-02     1.32978e+00
3.20000e-02     1.30789e+00
3.22500e-02     1.28676e+00
3.25000e-02     1.26643e+00
3.27500e-02     1.24678e+00
3.30000e-02     1.22783e+00
3.32500e-02     1.20957e+00
3.35000e-02     1.19196e+00
3.37500e-02     1.17496e+00
3.40000e-02     1.15850e+00
3.42500e-02     1.14255e+00
3.45000e-02     1.12709e+00
3.47500e-02     1.11207e+00
3.50000e-02     1.09749e+00
3.52500e-02     1.08332e+00
3.55000e-02     1.06959e+00
3.57500e-02     1.05626e+00
3.60000e-02     1.04334e+00
3.62500e-02     1.03084e+00
3.65000e-02     1.01880e+00
3.67500e-02     1.00725e+00
3.70000e-02     9.96179e-01
3.72500e-02     9.85574e-01
3.75000e-02     9.75444e-01
3.77500e-02     9.65846e-01
3.80000e-02     9.56750e-01
3.82500e-02     9.48178e-01
3.85000e-02     9.40131e-01
3.87500e-02     9.32571e-01
3.90000e-02     9.25500e-01
3.92500e-02     9.18913e-01
3.95000e-02     9.12796e-01
3.97500e-02     9.07134e-01
4.00000e-02     9.01900e-01
4.02500e-02     8.97068e-01
4.05000e-02     8.92664e-01
4.07500e-02     8.88618e-01
4.10000e-02     8.84943e-01
4.12500e-02     8.81623e-01
4.15000e-02     8.78668e-01
4.17500e-02     8.76009e-01
4.20000e-02     8.73664e-01
4.22500e-02     8.71628e-01
4.25000e-02     8.69892e-01
4.27500e-02     8.68472e-01
4.30000e-02     8.67349e-01
4.32500e-02     8.66529e-01
4.35000e-02     8.65993e-01
4.37500e-02     8.65760e-01
4.40000e-02     8.65826e-01
4.42500e-02     8.66202e-01
4.45000e-02     8.66883e-01
4.47500e-02     8.67878e-01
4.50000e-02     8.69177e-01
4.52500e-02     8.70790e-01
4.55000e-02     8.72730e-01
4.57500e-02     8.74994e-01
4.60000e-02     8.77587e-01
4.62500e-02     8.80509e-01
4.65000e-02     8.83748e-01
4.67500e-02     8.87304e-01
4.70000e-02     8.91171e-01
4.72500e-02     8.95354e-01
4.75000e-02     8.99846e-01
4.77500e-02     9.04631e-01
4.80000e-02     9.09699e-01
4.82500e-02     9.15036e-01
4.85000e-02     9.20611e-01
4.87500e-02     9.26449e-01
4.90000e-02     9.32516e-01
4.92500e-02     9.38787e-01
4.95000e-02     9.45241e-01
4.97500e-02     9.51864e-01
5.00000e-02     9.58615e-01
5.02500e-02     9.65479e-01
5.05000e-02     9.72433e-01
5.07500e-02     9.79422e-01
5.10000e-02     9.86468e-01
5.12500e-02     9.93523e-01
5.15000e-02     1.00054e+00
5.17500e-02     1.00752e+00
5.20000e-02     1.01443e+00
5.22500e-02     1.02125e+00
5.25000e-02     1.02797e+00
5.27500e-02     1.03455e+00
5.30000e-02     1.04097e+00
5.32500e-02     1.04722e+00
5.35000e-02     1.05330e+00
5.37500e-02     1.05916e+00
5.40000e-02     1.06481e+00
5.42500e-02     1.07022e+00
5.45000e-02     1.07540e+00
5.47500e-02     1.08032e+00
5.50000e-02     1.08497e+00
5.52500e-02     1.08934e+00
5.55000e-02     1.09343e+00
5.57500e-02     1.09723e+00
5.60000e-02     1.10074e+00
5.62500e-02     1.10392e+00
5.65000e-02     1.10676e+00
5.67500e-02     1.10926e+00
5.70000e-02     1.11141e+00
5.72500e-02     1.11319e+00
5.75000e-02     1.11458e+00
5.77500e-02     1.11558e+00
5.80000e-02     1.11616e+00
5.82500e-02     1.11628e+00
5.85000e-02     1.11594e+00
5.87500e-02     1.11510e+00
5.90000e-02     1.11375e+00
5.92500e-02     1.11182e+00
5.95000e-02     1.10928e+00
5.97500e-02     1.10608e+00
6.00000e-02     1.10220e+00
6.02500e-02     1.09759e+00
6.05000e-02     1.09218e+00
6.07500e-02     1.08594e+00
6.10000e-02     1.07880e+00
6.12500e-02     1.07073e+00
6.15000e-02     1.06165e+00
6.17500e-02     1.05153e+00
6.20000e-02     1.04032e+00
6.22500e-02     1.02797e+00
6.25000e-02     1.01444e+00
6.27500e-02     9.99719e-01
6.30000e-02     9.83772e-01
6.32500e-02     9.66581e-01
6.35000e-02     9.48157e-01
6.37500e-02     9.28516e-01
6.40000e-02     9.07665e-01
6.42500e-02     8.85660e-01
6.45000e-02     8.62551e-01
6.47500e-02     8.38415e-01
6.50000e-02     8.13339e-01
6.52500e-02     7.87430e-01
6.55000e-02     7.60815e-01
6.57500e-02     7.33624e-01
6.60000e-02     7.05974e-01
6.62500e-02     6.78030e-01
6.65000e-02     6.49964e-01
6.67500e-02     6.21949e-01
6.70000e-02     5.94143e-01
6.72500e-02     5.66705e-01
6.75000e-02     5.39832e-01
6.77500e-02     5.13680e-01
6.80000e-02     4.88417e-01
6.82500e-02     4.64201e-01
6.85000e-02     4.41165e-01
6.87500e-02     4.19452e-01
6.90000e-02     3.99189e-01
6.92500e-02     3.80474e-01
6.95000e-02     3.63391e-01
6.97500e-02     3.48031e-01
7.00000e-02     3.34453e-01
7.02500e-02     3.22700e-01
7.05000e-02     3.12805e-01
7.07500e-02     3.04794e-01
7.10000e-02     2.98679e-01
7.12500e-02     2.94457e-01
7.15000e-02     2.92104e-01
7.17500e-02     2.91597e-01
7.20000e-02     2.92905e-01
7.22500e-02     2.95990e-01
7.25000e-02     3.00810e-01
7.27500e-02     3.07313e-01
7.30000e-02     3.15456e-01
7.32500e-02     3.25191e-01
7.35000e-02     3.36463e-01
7.37500e-02     3.49223e-01
7.40000e-02     3.63419e-01
7.42500e-02     3.79001e-01
7.45000e-02     3.95923e-01
7.47500e-02     4.14141e-01
7.50000e-02     4.33607e-01
7.52500e-02     4.54273e-01
7.55000e-02     4.76104e-01
7.57500e-02     4.99048e-01
7.60000e-02     5.23063e-01
7.62500e-02     5.48105e-01
7.65000e-02     5.74127e-01
7.67500e-02     6.01068e-01
7.70000e-02     6.28875e-01
7.72500e-02     6.57489e-01
7.75000e-02     6.86855e-01
7.77500e-02     7.16848e-01
7.80000e-02     7.47416e-01
7.82500e-02     7.78468e-01
7.85000e-02     8.09891e-01
7.87500e-02     8.41591e-01
7.90000e-02     8.73452e-01
7.92500e-02     9.05354e-01
7.95000e-02     9.37169e-01
7.97500e-02     9.68772e-01
8.00000e-02     1.00004e+00
8.02500e-02     1.03085e+00
8.05000e-02     1.06105e+00
8.07500e-02     1.09053e+00
8.10000e-02     1.11918e+00
8.12500e-02     1.14686e+00
8.15000e-02     1.17348e+00
8.17500e-02     1.19894e+00
8.20000e-02     1.22317e+00
8.22500e-02     1.24609e+00
8.25000e-02     1.26766e+00
8.27500e-02     1.28783e+00
8.30000e-02     1.30658e+00
8.32500e-02     1.32388e+00
8.35000e-02     1.33973e+00
8.37500e-02     1.35415e+00
8.40000e-02     1.36717e+00
8.42500e-02     1.37879e+00
8.45000e-02     1.38907e+00
8.47500e-02     1.39807e+00
8.50000e-02     1.40585e+00
8.52500e-02     1.41247e+00
8.55000e-02     1.41801e+00
8.57500e-02     1.42253e+00
8.60000e-02     1.42609e+00
8.62500e-02     1.42880e+00
8.65000e-02     1.43072e+00
8.67500e-02     1.43193e+00
8.70000e-02     1.43257e+00
8.72500e-02     1.43263e+00
8.75000e-02     1.43221e+00
8.77500e-02     1.43138e+00
8.80000e-02     1.43022e+00
8.82500e-02     1.42879e+00
8.85000e-02     1.42717e+00
8.87500e-02     1.42540e+00
8.90000e-02     1.42358e+00
8.92500e-02     1.42176e+00
8.95000e-02     1.41998e+00
8.97500e-02     1.41831e+00
9.00000e-02     1.41680e+00
9.02500e-02     1.41550e+00
9.05000e-02     1.41445e+00
9.07500e-02     1.41370e+00
9.10000e-02     1.41328e+00
9.12500e-02     1.41326e+00
9.15000e-02     1.41362e+00
9.17500e-02     1.41445e+00
9.20000e-02     1.41576e+00
9.22500e-02     1.41755e+00
9.25000e-02     1.41987e+00
9.27500e-02     1.42273e+00
9.30000e-02     1.42614e+00
9.32500e-02     1.43012e+00
9.35000e-02     1.43466e+00
9.37500e-02     1.43980e+00
9.40000e-02     1.44553e+00
9.42500e-02     1.45184e+00
9.45000e-02     1.45874e+00
9.47500e-02     1.46621e+00
9.50000e-02     1.47426e+00
9.52500e-02     1.48287e+00
9.55000e-02     1.49203e+00
9.57500e-02     1.50173e+00
9.60000e-02     1.51194e+00
9.62500e-02     1.52265e+00
9.65000e-02     1.53383e+00
9.67500e-02     1.54546e+00
9.70000e-02     1.55753e+00
9.72500e-02     1.57000e+00
9.75000e-02     1.58284e+00
9.77500e-02     1.59603e+00
9.80000e-02     1.60954e+00
9.82500e-02     1.62333e+00
9.85000e-02     1.63737e+00
9.87500e-02     1.65163e+00
9.90000e-02     1.66607e+00
9.92500e-02     1.68064e+00
9.95000e-02     1.69530e+00
9.97500e-02     1.71001e+00
1.00000e-01     1.72474e+00
1.00250e-01     1.73944e+00
1.00500e-01     1.75403e+00
1.00750e-01     1.76848e+00
1.01000e-01     1.78271e+00
1.01250e-01     1.79667e+00
1.01500e-01     1.81028e+00
1.01750e-01     1.82350e+00
1.02000e-01     1.83625e+00
1.02250e-01     1.84846e+00
1.02500e-01     1.86004e+00
1.02750e-01     1.87094e+00
1.03000e-01     1.88106e+00
1.03250e-01     1.89033e+00
1.03500e-01     1.89866e+00
1.03750e-01     1.90600e+00
1.04000e-01     1.91228e+00
1.04250e-01     1.91742e+00
1.04500e-01     1.92134e+00
1.04750e-01     1.92399e+00
1.05000e-01     1.92529e+00
1.05250e-01     1.92521e+00
1.05500e-01     1.92373e+00
1.05750e-01     1.92079e+00
1.06000e-01     1.91637e+00
1.06250e-01     1.91043e+00
1.06500e-01     1.90298e+00
1.06750e-01     1.89402e+00
1.07000e-01     1.88355e+00
1.07250e-01     1.87159e+00
1.07500e-01     1.85817e+00
1.07750e-01     1.84333e+00
1.08000e-01     1.82710e+00
1.08250e-01     1.80956e+00
1.08500e-01     1.79075e+00
1.08750e-01     1.77074e+00
1.09000e-01     1.74963e+00
1.09250e-01     1.72747e+00
1.09500e-01     1.70436e+00
1.09750e-01     1.68039e+00
1.10000e-01     1.65565e+00
1.10250e-01     1.63024e+00
1.10500e-01     1.60424e+00
1.10750e-01     1.57775e+00
1.11000e-01     1.55088e+00
1.11250e-01     1.52370e+00
1.11500e-01     1.49632e+00
1.11750e-01     1.46883e+00
1.12000e-01     1.44133e+00
1.12250e-01     1.41389e+00
1.12500e-01     1.38658e+00
1.12750e-01     1.35950e+00
1.13000e-01     1.33271e+00
1.13250e-01     1.30627e+00
1.13500e-01     1.28025e+00
1.13750e-01     1.25474e+00
1.14000e-01     1.22974e+00
1.14250e-01     1.20530e+00
1.14500e-01     1.18150e+00
1.14750e-01     1.15838e+00
1.15000e-01     1.13595e+00
1.15250e-01     1.11426e+00
1.15500e-01     1.09333e+00
1.15750e-01     1.07318e+00
1.16000e-01     1.05384e+00
1.16250e-01     1.03532e+00
1.16500e-01     1.01764e+00
1.16750e-01     1.00081e+00
1.17000e-01     9.84842e-01
1.17250e-01     9.69742e-01
1.17500e-01     9.55518e-01
1.17750e-01     9.42169e-01
1.18000e-01     9.29695e-01
1.18250e-01     9.18099e-01
1.18500e-01     9.07382e-01
1.18750e-01     8.97530e-01
1.19000e-01     8.88551e-01
1.19250e-01     8.80437e-01
1.19500e-01     8.73168e-01
1.19750e-01     8.66757e-01
1.20000e-01     8.61170e-01
1.20250e-01     8.56416e-01
1.20500e-01     8.52464e-01
1.20750e-01     8.49313e-01
1.21000e-01     8.46945e-01
1.21250e-01     8.45341e-01
1.21500e-01     8.44480e-01
1.21750e-01     8.44343e-01
1.22000e-01     8.44908e-01
1.22250e-01     8.46153e-01
1.22500e-01     8.48057e-01
1.22750e-01     8.50591e-01
1.23000e-01     8.53732e-01
1.23250e-01     8.57450e-01
1.23500e-01     8.61717e-01
1.23750e-01     8.66498e-01
1.24000e-01     8.71762e-01
1.24250e-01     8.77477e-01
1.24500e-01     8.83609e-01
1.24750e-01     8.90121e-01
1.25000e-01     8.96976e-01
1.25250e-01     9.04137e-01
1.25500e-01     9.11567e-01
1.25750e-01     9.19226e-01
1.26000e-01     9.27076e-01
1.26250e-01     9.35081e-01
1.26500e-01     9.43212e-01
1.26750e-01     9.51404e-01
1.27000e-01     9.59632e-01
1.27250e-01     9.67867e-01
1.27500e-01     9.76069e-01
1.27750e-01     9.84205e-01
1.28000e-01     9.92245e-01
1.28250e-01     1.00016e+00
1.28500e-01     1.00791e+00
1.28750e-01     1.01547e+00
1.29000e-01     1.02282e+00
1.29250e-01     1.02991e+00
1.29500e-01     1.03675e+00
1.29750e-01     1.04330e+00
1.30000e-01     1.04954e+00
1.30250e-01     1.05547e+00
1.30500e-01     1.06106e+00
1.30750e-01     1.06632e+00
1.31000e-01     1.07122e+00
1.31250e-01     1.07576e+00
1.31500e-01     1.07994e+00
1.31750e-01     1.08374e+00
1.32000e-01     1.08716e+00
1.32250e-01     1.09022e+00
1.32500e-01     1.09290e+00
1.32750e-01     1.09522e+00
1.33000e-01     1.09717e+00
1.33250e-01     1.09876e+00
1.33500e-01     1.10000e+00
1.33750e-01     1.10089e+00
1.34000e-01     1.10144e+00
1.34250e-01     1.10166e+00
1.34500e-01     1.10157e+00
1.34750e-01     1.10116e+00
1.35000e-01     1.10046e+00
1.35250e-01     1.09947e+00
1.35500e-01     1.09820e+00
1.35750e-01     1.09670e+00
1.36000e-01     1.09492e+00
1.36250e-01     1.09289e+00
1.36500e-01     1.09064e+00
1.36750e-01     1.08817e+00
1.37000e-01     1.08550e+00
1.37250e-01     1.08265e+00
1.37500e-01     1.07962e+00
1.37750e-01     1.07643e+00
1.38000e-01     1.07310e+00
1.38250e-01     1.06962e+00
1.38500e-01     1.06601e+00
1.38750e-01     1.06229e+00
1.39000e-01     1.05848e+00
1.39250e-01     1.05458e+00
1.39500e-01     1.05062e+00
1.39750e-01     1.04661e+00
1.40000e-01     1.04256e+00
1.40250e-01     1.03847e+00
1.40500e-01     1.03439e+00
1.40750e-01     1.03031e+00
1.41000e-01     1.02626e+00
1.41250e-01     1.02224e+00
1.41500e-01     1.01826e+00
1.41750e-01     1.01436e+00
1.42000e-01     1.01055e+00
1.42250e-01     1.00684e+00
1.42500e-01     1.00325e+00
1.42750e-01     9.99785e-01
1.43000e-01     9.96470e-01
1.43250e-01     9.93319e-01
1.43500e-01     9.90339e-01
1.43750e-01     9.87550e-01
1.44000e-01     9.84967e-01
1.44250e-01     9.82600e-01
1.44500e-01     9.80457e-01
1.44750e-01     9.78550e-01
1.45000e-01     9.76866e-01
1.45250e-01     9.75437e-01
1.45500e-01     9.74270e-01
1.45750e-01     9.73350e-01
1.46000e-01     9.72696e-01
1.46250e-01     9.72300e-01
1.46500e-01     9.72179e-01
1.46750e-01     9.72310e-01
1.47000e-01     9.72704e-01
1.47250e-01     9.73345e-01
1.47500e-01     9.74230e-01
1.47750e-01     9.75345e-01
1.48000e-01     9.76706e-01
1.48250e-01     9.78281e-01
1.48500e-01     9.80058e-01
1.48750e-01     9.82030e-01
1.49000e-01     9.84206e-01
1.49250e-01     9.86541e-01
1.49500e-01     9.89023e-01
1.49750e-01     9.91659e-01
1.50000e-01     9.94413e-01
1.50250e-01     9.97284e-01
1.50500e-01     1.00024e+00
1.50750e-01     1.00327e+00
1.51000e-01     1.00637e+00
1.51250e-01     1.00950e+00
1.51500e-01     1.01266e+00
1.51750e-01     1.01583e+00
1.52000e-01     1.01899e+00
1.52250e-01     1.02212e+00
1.52500e-01     1.02523e+00
1.52750e-01     1.02828e+00
1.53000e-01     1.03128e+00
1.53250e-01     1.03419e+00
1.53500e-01     1.03701e+00
1.53750e-01     1.03973e+00
1.54000e-01     1.04234e+00
1.54250e-01     1.04484e+00
1.54500e-01     1.04721e+00
1.54750e-01     1.04944e+00
1.55000e-01     1.05154e+00
1.55250e-01     1.05348e+00
1.55500e-01     1.05528e+00
1.55750e-01     1.05693e+00
1.56000e-01     1.05844e+00
1.56250e-01     1.05979e+00
1.56500e-01     1.06100e+00
1.56750e-01     1.06205e+00
1.57000e-01     1.06296e+00
1.57250e-01     1.06373e+00
1.57500e-01     1.06435e+00
1.57750e-01     1.06484e+00
1.58000e-01     1.06520e+00
1.58250e-01     1.06544e+00
1.58500e-01     1.06555e+00
1.58750e-01     1.06557e+00
1.59000e-01     1.06547e+00
1.59250e-01     1.06528e+00
1.59500e-01     1.06499e+00
1.59750e-01     1.06462e+00
1.60000e-01     1.06418e+00
1.60250e-01     1.06366e+00
1.60500e-01     1.06309e+00
1.60750e-01     1.06246e+00
