"Moment Convergence"
"Flow Time" "cm"
2.50000e-04     -3.51922e-05
5.00000e-04     -2.46098e-05
7.50000e-04     -2.40715e-05
1.00000e-03     -2.38552e-05
1.25000e-03     -2.42258e-05
1.50000e-03     -2.40544e-05
1.75000e-03     -2.31669e-05
2.00000e-03     -2.20534e-05
2.25000e-03     -1.96210e-05
2.50000e-03     -1.63123e-05
2.75000e-03     -1.36843e-05
3.00000e-03     -1.08535e-05
3.25000e-03     -7.95853e-06
3.50000e-03     -4.64421e-06
3.75000e-03     -1.13462e-06
4.00000e-03     1.94485e-06
4.25000e-03     4.73273e-06
4.50000e-03     7.32381e-06
4.75000e-03     9.05329e-06
5.00000e-03     9.59428e-06
5.25000e-03     9.08862e-06
5.50000e-03     7.93307e-06
5.75000e-03     6.20255e-06
6.00000e-03     3.14211e-06
6.25000e-03     -3.45295e-07
6.50000e-03     -3.71733e-06
6.75000e-03     -7.29248e-06
7.00000e-03     -1.09971e-05
7.25000e-03     -1.37861e-05
7.50000e-03     -1.71572e-05
7.75000e-03     -1.85565e-05
8.00000e-03     -2.02295e-05
8.25000e-03     -2.01542e-05
8.50000e-03     -1.99223e-05
8.75000e-03     -1.85370e-05
9.00000e-03     -1.76592e-05
9.25000e-03     -1.65174e-05
9.50000e-03     -1.33117e-05
9.75000e-03     -1.22627e-05
1.00000e-02     -1.11330e-05
1.02500e-02     -8.88465e-06
1.05000e-02     -6.90953e-06
1.07500e-02     -6.53084e-06
1.10000e-02     -4.35808e-06
1.12500e-02     -4.24020e-06
1.15000e-02     -5.77233e-06
1.17500e-02     -7.08056e-06
1.20000e-02     -7.54830e-06
1.22500e-02     -9.52060e-06
1.25000e-02     -1.23342e-05
1.27500e-02     -1.41255e-05
1.30000e-02     -1.50945e-05
1.32500e-02     -1.96338e-05
1.35000e-02     -2.24507e-05
1.37500e-02     -2.48890e-05
1.40000e-02     -2.60936e-05
1.42500e-02     -2.89370e-05
1.45000e-02     -3.08379e-05
1.47500e-02     -3.18893e-05
1.50000e-02     -3.41407e-05
1.52500e-02     -3.50307e-05
1.55000e-02     -3.46611e-05
1.57500e-02     -3.52945e-05
1.60000e-02     -3.60964e-05
1.62500e-02     -3.53385e-05
1.65000e-02     -3.61246e-05
1.67500e-02     -3.56665e-05
1.70000e-02     -3.66650e-05
1.72500e-02     -3.78867e-05
1.75000e-02     -3.76915e-05
1.77500e-02     -3.86944e-05
1.80000e-02     -3.99205e-05
1.82500e-02     -4.13165e-05
1.85000e-02     -4.24821e-05
1.87500e-02     -4.48370e-05
1.90000e-02     -4.84383e-05
1.92500e-02     -4.92876e-05
1.95000e-02     -5.19556e-05
1.97500e-02     -5.36768e-05
2.00000e-02     -5.61865e-05
2.02500e-02     -6.01747e-05
2.05000e-02     -6.30627e-05
2.07500e-02     -6.53695e-05
2.10000e-02     -6.76431e-05
2.12500e-02     -6.98168e-05
2.15000e-02     -7.21271e-05
2.17500e-02     -7.52013e-05
2.20000e-02     -7.75275e-05
2.22500e-02     -7.94021e-05
2.25000e-02     -8.11424e-05
2.27500e-02     -8.32578e-05
2.30000e-02     -8.59744e-05
2.32500e-02     -8.85233e-05
2.35000e-02     -8.97796e-05
2.37500e-02     -9.23000e-05
2.40000e-02     -9.41330e-05
2.42500e-02     -9.59761e-05
2.45000e-02     -9.83279e-05
2.47500e-02     -9.99180e-05
2.50000e-02     -1.02803e-04
2.52500e-02     -1.04878e-04
2.55000e-02     -1.07067e-04
2.57500e-02     -1.10803e-04
2.60000e-02     -1.13681e-04
2.62500e-02     -1.16367e-04
2.65000e-02     -1.19178e-04
2.67500e-02     -1.22197e-04
2.70000e-02     -1.25879e-04
2.72500e-02     -1.28901e-04
2.75000e-02     -1.32398e-04
2.77500e-02     -1.35564e-04
2.80000e-02     -1.39118e-04
2.82500e-02     -1.41389e-04
2.85000e-02     -1.46211e-04
2.87500e-02     -1.49874e-04
2.90000e-02     -1.52399e-04
2.92500e-02     -1.56451e-04
2.95000e-02     -1.59049e-04
2.97500e-02     -1.62554e-04
3.00000e-02     -1.66253e-04
3.02500e-02     -1.69462e-04
3.05000e-02     -1.73307e-04
3.07500e-02     -1.76079e-04
3.10000e-02     -1.78655e-04
3.12500e-02     -1.80570e-04
3.15000e-02     -1.82914e-04
3.17500e-02     -1.85582e-04
3.20000e-02     -1.88192e-04
3.22500e-02     -1.91236e-04
3.25000e-02     -1.93246e-04
3.27500e-02     -1.95177e-04
3.30000e-02     -1.97119e-04
3.32500e-02     -1.99061e-04
3.35000e-02     -2.00853e-04
3.37500e-02     -2.02594e-04
3.40000e-02     -2.04175e-04
3.42500e-02     -2.05229e-04
3.45000e-02     -2.06812e-04
3.47500e-02     -2.08384e-04
3.50000e-02     -2.09342e-04
3.52500e-02     -2.10564e-04
3.55000e-02     -2.11631e-04
3.57500e-02     -2.12684e-04
3.60000e-02     -2.13901e-04
3.62500e-02     -2.15195e-04
3.65000e-02     -2.15457e-04
3.67500e-02     -2.16403e-04
3.70000e-02     -2.16409e-04
3.72500e-02     -2.15781e-04
3.75000e-02     -2.17051e-04
3.77500e-02     -2.16845e-04
3.80000e-02     -2.19575e-04
3.82500e-02     -2.19592e-04
3.85000e-02     -2.20490e-04
3.87500e-02     -2.20491e-04
3.90000e-02     -2.20876e-04
3.92500e-02     -2.21614e-04
3.95000e-02     -2.20686e-04
3.97500e-02     -2.22377e-04
4.00000e-02     -2.22559e-04
4.02500e-02     -2.23732e-04
4.05000e-02     -2.24242e-04
4.07500e-02     -2.24872e-04
4.10000e-02     -2.27156e-04
4.12500e-02     -2.27299e-04
4.15000e-02     -2.26423e-04
4.17500e-02     -2.28609e-04
4.20000e-02     -2.31622e-04
4.22500e-02     -2.32582e-04
4.25000e-02     -2.33750e-04
4.27500e-02     -2.33914e-04
4.30000e-02     -2.35341e-04
4.32500e-02     -2.36986e-04
4.35000e-02     -2.36925e-04
4.37500e-02     -2.38206e-04
4.40000e-02     -2.41316e-04
4.42500e-02     -2.42917e-04
4.45000e-02     -2.45754e-04
4.47500e-02     -2.47628e-04
4.50000e-02     -2.48691e-04
4.52500e-02     -2.50790e-04
4.55000e-02     -2.52530e-04
4.57500e-02     -2.53762e-04
4.60000e-02     -2.55471e-04
4.62500e-02     -2.56689e-04
4.65000e-02     -2.57861e-04
4.67500e-02     -2.58939e-04
4.70000e-02     -2.60340e-04
4.72500e-02     -2.61023e-04
4.75000e-02     -2.63662e-04
4.77500e-02     -2.64617e-04
4.80000e-02     -2.65205e-04
4.82500e-02     -2.65258e-04
4.85000e-02     -2.65897e-04
4.87500e-02     -2.65995e-04
4.90000e-02     -2.67748e-04
4.92500e-02     -2.67461e-04
4.95000e-02     -2.68356e-04
4.97500e-02     -2.68583e-04
5.00000e-02     -2.68613e-04
5.02500e-02     -2.69205e-04
5.05000e-02     -2.70133e-04
5.07500e-02     -2.69303e-04
5.10000e-02     -2.68524e-04
5.12500e-02     -2.66345e-04
5.15000e-02     -2.68985e-04
5.17500e-02     -2.68220e-04
5.20000e-02     -2.69858e-04
5.22500e-02     -2.70924e-04
5.25000e-02     -2.70751e-04
5.27500e-02     -2.70778e-04
5.30000e-02     -2.71201e-04
5.32500e-02     -2.71624e-04
5.35000e-02     -2.72726e-04
5.37500e-02     -2.73262e-04
5.40000e-02     -2.73987e-04
5.42500e-02     -2.75449e-04
5.45000e-02     -2.77696e-04
5.47500e-02     -2.77012e-04
5.50000e-02     -2.77682e-04
5.52500e-02     -2.78434e-04
5.55000e-02     -2.78332e-04
5.57500e-02     -2.79619e-04
5.60000e-02     -2.80562e-04
5.62500e-02     -2.80062e-04
5.65000e-02     -2.79961e-04
5.67500e-02     -2.77781e-04
5.70000e-02     -2.79184e-04
5.72500e-02     -2.80273e-04
5.75000e-02     -2.77783e-04
5.77500e-02     -2.76291e-04
5.80000e-02     -2.72758e-04
5.82500e-02     -2.72515e-04
5.85000e-02     -2.68726e-04
5.87500e-02     -2.64903e-04
5.90000e-02     -2.60774e-04
5.92500e-02     -2.58999e-04
5.95000e-02     -2.56723e-04
5.97500e-02     -2.53146e-04
6.00000e-02     -2.50639e-04
6.02500e-02     -2.48734e-04
6.05000e-02     -2.43586e-04
6.07500e-02     -2.39035e-04
6.10000e-02     -2.34006e-04
6.12500e-02     -2.30105e-04
6.15000e-02     -2.28110e-04
6.17500e-02     -2.27492e-04
6.20000e-02     -2.25297e-04
6.22500e-02     -2.23490e-04
6.25000e-02     -2.22383e-04
6.27500e-02     -2.20099e-04
6.30000e-02     -2.19011e-04
6.32500e-02     -2.17280e-04
6.35000e-02     -2.15969e-04
6.37500e-02     -2.15415e-04
6.40000e-02     -2.15190e-04
6.42500e-02     -2.16097e-04
6.45000e-02     -2.18010e-04
6.47500e-02     -2.16952e-04
6.50000e-02     -2.19726e-04
6.52500e-02     -2.21538e-04
6.55000e-02     -2.21232e-04
6.57500e-02     -2.20781e-04
6.60000e-02     -2.23960e-04
6.62500e-02     -2.25617e-04
6.65000e-02     -2.28086e-04
6.67500e-02     -2.27952e-04
6.70000e-02     -2.28341e-04
6.72500e-02     -2.30647e-04
6.75000e-02     -2.30725e-04
6.77500e-02     -2.32203e-04
6.80000e-02     -2.31551e-04
6.82500e-02     -2.31688e-04
6.85000e-02     -2.31157e-04
6.87500e-02     -2.31088e-04
6.90000e-02     -2.30078e-04
6.92500e-02     -2.29523e-04
6.95000e-02     -2.29189e-04
6.97500e-02     -2.27826e-04
7.00000e-02     -2.27163e-04
7.02500e-02     -2.25984e-04
7.05000e-02     -2.22821e-04
7.07500e-02     -2.23666e-04
7.10000e-02     -2.23864e-04
7.12500e-02     -2.21964e-04
7.15000e-02     -2.20733e-04
7.17500e-02     -2.19572e-04
7.20000e-02     -2.19416e-04
7.22500e-02     -2.19500e-04
7.25000e-02     -2.19131e-04
7.27500e-02     -2.17742e-04
7.30000e-02     -2.17844e-04
7.32500e-02     -2.19083e-04
7.35000e-02     -2.19961e-04
7.37500e-02     -2.20276e-04
7.40000e-02     -2.21844e-04
7.42500e-02     -2.23203e-04
7.45000e-02     -2.24988e-04
7.47500e-02     -2.26588e-04
7.50000e-02     -2.26924e-04
7.52500e-02     -2.30471e-04
7.55000e-02     -2.31682e-04
7.57500e-02     -2.33565e-04
7.60000e-02     -2.34663e-04
7.62500e-02     -2.38022e-04
7.65000e-02     -2.41439e-04
7.67500e-02     -2.41047e-04
7.70000e-02     -2.44333e-04
7.72500e-02     -2.47330e-04
7.75000e-02     -2.48976e-04
7.77500e-02     -2.48674e-04
7.80000e-02     -2.51397e-04
7.82500e-02     -2.52258e-04
7.85000e-02     -2.53100e-04
7.87500e-02     -2.52128e-04
7.90000e-02     -2.55011e-04
7.92500e-02     -2.55390e-04
7.95000e-02     -2.55074e-04
7.97500e-02     -2.55433e-04
8.00000e-02     -2.55403e-04
8.02500e-02     -2.53847e-04
8.05000e-02     -2.52708e-04
8.07500e-02     -2.53444e-04
8.10000e-02     -2.53437e-04
8.12500e-02     -2.51096e-04
8.15000e-02     -2.49928e-04
8.17500e-02     -2.49621e-04
8.20000e-02     -2.46974e-04
8.22500e-02     -2.45247e-04
8.25000e-02     -2.44509e-04
8.27500e-02     -2.43450e-04
8.30000e-02     -2.40833e-04
8.32500e-02     -2.38440e-04
8.35000e-02     -2.36801e-04
8.37500e-02     -2.33267e-04
8.40000e-02     -2.31605e-04
8.42500e-02     -2.29652e-04
8.45000e-02     -2.27129e-04
8.47500e-02     -2.23569e-04
8.50000e-02     -2.21449e-04
8.52500e-02     -2.20076e-04
8.55000e-02     -2.17298e-04
8.57500e-02     -2.13421e-04
8.60000e-02     -2.11715e-04
8.62500e-02     -2.09256e-04
8.65000e-02     -2.05892e-04
8.67500e-02     -2.03296e-04
8.70000e-02     -1.99965e-04
8.72500e-02     -1.96755e-04
8.75000e-02     -1.94615e-04
8.77500e-02     -1.91092e-04
8.80000e-02     -1.88296e-04
8.82500e-02     -1.87024e-04
8.85000e-02     -1.84566e-04
8.87500e-02     -1.81783e-04
8.90000e-02     -1.77992e-04
8.92500e-02     -1.75709e-04
8.95000e-02     -1.73102e-04
8.97500e-02     -1.70212e-04
9.00000e-02     -1.67587e-04
9.02500e-02     -1.64015e-04
9.05000e-02     -1.61346e-04
9.07500e-02     -1.59002e-04
9.10000e-02     -1.56223e-04
9.12500e-02     -1.53136e-04
9.15000e-02     -1.49594e-04
9.17500e-02     -1.48036e-04
9.20000e-02     -1.45240e-04
9.22500e-02     -1.42738e-04
9.25000e-02     -1.40410e-04
9.27500e-02     -1.37738e-04
9.30000e-02     -1.34317e-04
9.32500e-02     -1.32771e-04
9.35000e-02     -1.29124e-04
9.37500e-02     -1.27259e-04
9.40000e-02     -1.25379e-04
9.42500e-02     -1.22356e-04
9.45000e-02     -1.19889e-04
9.47500e-02     -1.18084e-04
9.50000e-02     -1.16323e-04
9.52500e-02     -1.13031e-04
9.55000e-02     -1.10488e-04
9.57500e-02     -1.09042e-04
9.60000e-02     -1.06783e-04
9.62500e-02     -1.03933e-04
9.65000e-02     -1.01695e-04
9.67500e-02     -9.98126e-05
9.70000e-02     -9.76820e-05
9.72500e-02     -9.57488e-05
9.75000e-02     -9.30878e-05
9.77500e-02     -9.14999e-05
9.80000e-02     -9.03011e-05
9.82500e-02     -8.72125e-05
9.85000e-02     -8.56334e-05
9.87500e-02     -8.41868e-05
9.90000e-02     -8.25982e-05
9.92500e-02     -8.00441e-05
9.95000e-02     -7.83323e-05
9.97500e-02     -7.92109e-05
1.00000e-01     -7.86942e-05
1.00250e-01     -7.73396e-05
1.00500e-01     -7.60389e-05
1.00750e-01     -7.50159e-05
1.01000e-01     -7.40954e-05
1.01250e-01     -7.26078e-05
1.01500e-01     -7.35393e-05
1.01750e-01     -7.34068e-05
1.02000e-01     -7.19955e-05
1.02250e-01     -7.25745e-05
1.02500e-01     -7.19125e-05
1.02750e-01     -7.14848e-05
1.03000e-01     -7.23945e-05
1.03250e-01     -7.21029e-05
1.03500e-01     -7.26213e-05
1.03750e-01     -7.36601e-05
1.04000e-01     -7.37403e-05
1.04250e-01     -7.43850e-05
1.04500e-01     -7.55443e-05
1.04750e-01     -7.54259e-05
1.05000e-01     -7.77900e-05
1.05250e-01     -7.98367e-05
1.05500e-01     -8.09636e-05
1.05750e-01     -8.22787e-05
1.06000e-01     -8.42726e-05
1.06250e-01     -8.55737e-05
1.06500e-01     -8.79102e-05
1.06750e-01     -9.01236e-05
1.07000e-01     -9.28749e-05
1.07250e-01     -9.49244e-05
1.07500e-01     -9.75122e-05
1.07750e-01     -1.00370e-04
1.08000e-01     -1.03301e-04
1.08250e-01     -1.06351e-04
1.08500e-01     -1.08469e-04
1.08750e-01     -1.12261e-04
1.09000e-01     -1.15427e-04
1.09250e-01     -1.19445e-04
1.09500e-01     -1.20559e-04
1.09750e-01     -1.24979e-04
1.10000e-01     -1.28927e-04
1.10250e-01     -1.32383e-04
1.10500e-01     -1.35952e-04
1.10750e-01     -1.39618e-04
1.11000e-01     -1.43716e-04
1.11250e-01     -1.47042e-04
1.11500e-01     -1.50945e-04
1.11750e-01     -1.55360e-04
1.12000e-01     -1.58510e-04
1.12250e-01     -1.60375e-04
1.12500e-01     -1.65503e-04
1.12750e-01     -1.69905e-04
1.13000e-01     -1.74919e-04
1.13250e-01     -1.78522e-04
1.13500e-01     -1.82164e-04
1.13750e-01     -1.85615e-04
1.14000e-01     -1.89240e-04
1.14250e-01     -1.93379e-04
1.14500e-01     -1.95431e-04
1.14750e-01     -1.98853e-04
1.15000e-01     -2.00095e-04
1.15250e-01     -2.04162e-04
1.15500e-01     -2.05686e-04
1.15750e-01     -2.07796e-04
1.16000e-01     -2.11066e-04
1.16250e-01     -2.14124e-04
1.16500e-01     -2.15694e-04
1.16750e-01     -2.16150e-04
1.17000e-01     -2.16776e-04
1.17250e-01     -2.17453e-04
1.17500e-01     -2.17612e-04
1.17750e-01     -2.17488e-04
1.18000e-01     -2.16104e-04
1.18250e-01     -2.15733e-04
1.18500e-01     -2.12836e-04
1.18750e-01     -2.14819e-04
1.19000e-01     -2.13958e-04
1.19250e-01     -2.11230e-04
1.19500e-01     -2.08941e-04
1.19750e-01     -2.06558e-04
1.20000e-01     -2.03050e-04
1.20250e-01     -1.99858e-04
1.20500e-01     -1.97117e-04
1.20750e-01     -1.93470e-04
1.21000e-01     -1.88775e-04
1.21250e-01     -1.84630e-04
1.21500e-01     -1.80309e-04
1.21750e-01     -1.75465e-04
1.22000e-01     -1.73389e-04
1.22250e-01     -1.68560e-04
1.22500e-01     -1.64298e-04
1.22750e-01     -1.57254e-04
1.23000e-01     -1.49737e-04
1.23250e-01     -1.45974e-04
1.23500e-01     -1.39784e-04
1.23750e-01     -1.33338e-04
1.24000e-01     -1.27115e-04
1.24250e-01     -1.20626e-04
1.24500e-01     -1.14358e-04
1.24750e-01     -1.08150e-04
1.25000e-01     -1.01607e-04
1.25250e-01     -9.30460e-05
1.25500e-01     -8.81733e-05
1.25750e-01     -8.13140e-05
1.26000e-01     -7.16569e-05
1.26250e-01     -6.47826e-05
1.26500e-01     -5.95503e-05
1.26750e-01     -5.21910e-05
1.27000e-01     -4.60890e-05
1.27250e-01     -4.02500e-05
1.27500e-01     -3.30403e-05
1.27750e-01     -2.48302e-05
1.28000e-01     -1.79015e-05
1.28250e-01     -1.14378e-05
1.28500e-01     -4.80416e-06
1.28750e-01     4.28902e-07
1.29000e-01     7.54313e-06
1.29250e-01     1.28353e-05
1.29500e-01     1.82878e-05
1.29750e-01     2.45445e-05
1.30000e-01     2.95468e-05
1.30250e-01     3.41683e-05
1.30500e-01     3.77114e-05
1.30750e-01     4.24134e-05
1.31000e-01     4.63759e-05
1.31250e-01     4.95398e-05
1.31500e-01     5.36709e-05
1.31750e-01     5.73085e-05
1.32000e-01     5.94972e-05
1.32250e-01     6.44045e-05
1.32500e-01     6.35558e-05
1.32750e-01     6.30466e-05
1.33000e-01     6.27283e-05
1.33250e-01     6.35749e-05
1.33500e-01     6.28369e-05
1.33750e-01     6.05407e-05
1.34000e-01     5.76425e-05
1.34250e-01     5.23646e-05
1.34500e-01     4.89954e-05
1.34750e-01     4.47392e-05
1.35000e-01     3.82981e-05
1.35250e-01     2.84345e-05
1.35500e-01     2.06830e-05
1.35750e-01     9.65071e-06
1.36000e-01     -2.15502e-06
1.36250e-01     -1.41340e-05
1.36500e-01     -2.79603e-05
1.36750e-01     -4.28631e-05
1.37000e-01     -5.68289e-05
1.37250e-01     -7.23757e-05
1.37500e-01     -9.18886e-05
1.37750e-01     -1.10139e-04
1.38000e-01     -1.29456e-04
1.38250e-01     -1.50152e-04
1.38500e-01     -1.70690e-04
1.38750e-01     -1.91297e-04
1.39000e-01     -2.14027e-04
1.39250e-01     -2.36453e-04
1.39500e-01     -2.60252e-04
1.39750e-01     -2.84683e-04
1.40000e-01     -3.08824e-04
1.40250e-01     -3.33299e-04
1.40500e-01     -3.58325e-04
1.40750e-01     -3.83408e-04
1.41000e-01     -4.10779e-04
1.41250e-01     -4.36885e-04
1.41500e-01     -4.63702e-04
1.41750e-01     -4.89732e-04
1.42000e-01     -5.17095e-04
1.42250e-01     -5.44389e-04
1.42500e-01     -5.72269e-04
1.42750e-01     -6.01376e-04
1.43000e-01     -6.30448e-04
1.43250e-01     -6.58227e-04
1.43500e-01     -6.87046e-04
1.43750e-01     -7.16418e-04
1.44000e-01     -7.46073e-04
1.44250e-01     -7.76346e-04
1.44500e-01     -8.07869e-04
1.44750e-01     -8.38256e-04
1.45000e-01     -8.68260e-04
1.45250e-01     -8.97557e-04
1.45500e-01     -9.28743e-04
1.45750e-01     -9.60334e-04
1.46000e-01     -9.91182e-04
1.46250e-01     -1.02136e-03
1.46500e-01     -1.05179e-03
1.46750e-01     -1.08143e-03
1.47000e-01     -1.11278e-03
1.47250e-01     -1.14347e-03
1.47500e-01     -1.17469e-03
1.47750e-01     -1.20365e-03
1.48000e-01     -1.23134e-03
1.48250e-01     -1.25879e-03
1.48500e-01     -1.28569e-03
1.48750e-01     -1.31185e-03
1.49000e-01     -1.33725e-03
1.49250e-01     -1.36222e-03
1.49500e-01     -1.38552e-03
1.49750e-01     -1.40759e-03
1.50000e-01     -1.42815e-03
1.50250e-01     -1.44791e-03
1.50500e-01     -1.46616e-03
1.50750e-01     -1.48101e-03
1.51000e-01     -1.49496e-03
1.51250e-01     -1.50913e-03
1.51500e-01     -1.52116e-03
1.51750e-01     -1.53140e-03
1.52000e-01     -1.53896e-03
1.52250e-01     -1.54621e-03
1.52500e-01     -1.55089e-03
1.52750e-01     -1.55291e-03
1.53000e-01     -1.55303e-03
1.53250e-01     -1.55080e-03
1.53500e-01     -1.54831e-03
1.53750e-01     -1.54333e-03
1.54000e-01     -1.53519e-03
1.54250e-01     -1.52660e-03
1.54500e-01     -1.51467e-03
1.54750e-01     -1.50222e-03
1.55000e-01     -1.48746e-03
1.55250e-01     -1.47073e-03
1.55500e-01     -1.45307e-03
1.55750e-01     -1.43467e-03
1.56000e-01     -1.41328e-03
1.56250e-01     -1.39156e-03
1.56500e-01     -1.36861e-03
1.56750e-01     -1.34275e-03
1.57000e-01     -1.31470e-03
1.57250e-01     -1.28487e-03
1.57500e-01     -1.25424e-03
1.57750e-01     -1.22294e-03
1.58000e-01     -1.19267e-03
1.58250e-01     -1.16102e-03
1.58500e-01     -1.12655e-03
1.58750e-01     -1.09092e-03
1.59000e-01     -1.05442e-03
1.59250e-01     -1.01811e-03
1.59500e-01     -9.82133e-04
1.59750e-01     -9.45607e-04
1.60000e-01     -9.06255e-04
1.60250e-01     -8.66541e-04
1.60500e-01     -8.28032e-04
1.60750e-01     -7.87660e-04
