"Moment Convergence"
"Flow Time" "cm"
2.50000e-04     -5.77004e-04
5.00000e-04     -1.01339e-03
7.50000e-04     -1.15790e-03
1.00000e-03     -1.17976e-03
1.25000e-03     -1.15992e-03
1.50000e-03     -1.15335e-03
1.75000e-03     -1.17613e-03
2.00000e-03     -1.22095e-03
2.25000e-03     -1.27387e-03
2.50000e-03     -1.32392e-03
2.75000e-03     -1.36636e-03
3.00000e-03     -1.40142e-03
3.25000e-03     -1.43158e-03
3.50000e-03     -1.46037e-03
3.75000e-03     -1.49009e-03
4.00000e-03     -1.52155e-03
4.25000e-03     -1.55435e-03
4.50000e-03     -1.58760e-03
4.75000e-03     -1.62052e-03
5.00000e-03     -1.65284e-03
5.25000e-03     -1.68491e-03
5.50000e-03     -1.71746e-03
5.75000e-03     -1.75097e-03
6.00000e-03     -1.78629e-03
6.25000e-03     -1.82373e-03
6.50000e-03     -1.86336e-03
6.75000e-03     -1.90498e-03
7.00000e-03     -1.94821e-03
7.25000e-03     -1.99202e-03
7.50000e-03     -2.03571e-03
7.75000e-03     -2.07861e-03
8.00000e-03     -2.11989e-03
8.25000e-03     -2.15874e-03
8.50000e-03     -2.19473e-03
8.75000e-03     -2.22780e-03
9.00000e-03     -2.25784e-03
9.25000e-03     -2.28494e-03
9.50000e-03     -2.30910e-03
9.75000e-03     -2.33074e-03
1.00000e-02     -2.35069e-03
1.02500e-02     -2.36925e-03
1.05000e-02     -2.38672e-03
1.07500e-02     -2.40338e-03
1.10000e-02     -2.41945e-03
1.12500e-02     -2.43461e-03
1.15000e-02     -2.44990e-03
1.17500e-02     -2.46504e-03
1.20000e-02     -2.47972e-03
1.22500e-02     -2.49380e-03
1.25000e-02     -2.50663e-03
1.27500e-02     -2.51928e-03
1.30000e-02     -2.53121e-03
1.32500e-02     -2.54205e-03
1.35000e-02     -2.55155e-03
1.37500e-02     -2.55890e-03
1.40000e-02     -2.56604e-03
1.42500e-02     -2.57217e-03
1.45000e-02     -2.57682e-03
1.47500e-02     -2.57995e-03
1.50000e-02     -2.58142e-03
1.52500e-02     -2.58182e-03
1.55000e-02     -2.58116e-03
1.57500e-02     -2.57947e-03
1.60000e-02     -2.57689e-03
1.62500e-02     -2.57353e-03
1.65000e-02     -2.56883e-03
1.67500e-02     -2.56375e-03
1.70000e-02     -2.55932e-03
1.72500e-02     -2.55495e-03
1.75000e-02     -2.55007e-03
1.77500e-02     -2.54533e-03
1.80000e-02     -2.54061e-03
1.82500e-02     -2.53580e-03
1.85000e-02     -2.53086e-03
1.87500e-02     -2.52577e-03
1.90000e-02     -2.52111e-03
1.92500e-02     -2.51524e-03
1.95000e-02     -2.50874e-03
1.97500e-02     -2.50200e-03
2.00000e-02     -2.49476e-03
2.02500e-02     -2.48688e-03
2.05000e-02     -2.47803e-03
2.07500e-02     -2.46729e-03
2.10000e-02     -2.45629e-03
2.12500e-02     -2.44488e-03
2.15000e-02     -2.43256e-03
2.17500e-02     -2.41922e-03
2.20000e-02     -2.40493e-03
2.22500e-02     -2.38960e-03
2.25000e-02     -2.37382e-03
2.27500e-02     -2.35756e-03
2.30000e-02     -2.33996e-03
2.32500e-02     -2.32290e-03
2.35000e-02     -2.30560e-03
2.37500e-02     -2.28788e-03
2.40000e-02     -2.26979e-03
2.42500e-02     -2.25140e-03
2.45000e-02     -2.23258e-03
2.47500e-02     -2.21325e-03
2.50000e-02     -2.19387e-03
2.52500e-02     -2.17323e-03
2.55000e-02     -2.15155e-03
2.57500e-02     -2.12826e-03
2.60000e-02     -2.10458e-03
2.62500e-02     -2.07993e-03
2.65000e-02     -2.05391e-03
2.67500e-02     -2.02632e-03
2.70000e-02     -1.99712e-03
2.72500e-02     -1.96638e-03
2.75000e-02     -1.93414e-03
2.77500e-02     -1.90125e-03
2.80000e-02     -1.86626e-03
2.82500e-02     -1.82988e-03
2.85000e-02     -1.79259e-03
2.87500e-02     -1.75464e-03
2.90000e-02     -1.71624e-03
2.92500e-02     -1.67759e-03
2.95000e-02     -1.63883e-03
2.97500e-02     -1.60065e-03
3.00000e-02     -1.56279e-03
3.02500e-02     -1.52555e-03
3.05000e-02     -1.48920e-03
3.07500e-02     -1.45390e-03
3.10000e-02     -1.41982e-03
3.12500e-02     -1.38693e-03
3.15000e-02     -1.35561e-03
3.17500e-02     -1.32589e-03
3.20000e-02     -1.29713e-03
3.22500e-02     -1.26971e-03
3.25000e-02     -1.24370e-03
3.27500e-02     -1.21901e-03
3.30000e-02     -1.19582e-03
3.32500e-02     -1.17405e-03
3.35000e-02     -1.15284e-03
3.37500e-02     -1.13271e-03
3.40000e-02     -1.11399e-03
3.42500e-02     -1.09669e-03
3.45000e-02     -1.07997e-03
3.47500e-02     -1.06428e-03
3.50000e-02     -1.04990e-03
3.52500e-02     -1.03690e-03
3.55000e-02     -1.02526e-03
3.57500e-02     -1.01521e-03
3.60000e-02     -1.00662e-03
3.62500e-02     -9.99872e-04
3.65000e-02     -9.94452e-04
3.67500e-02     -9.90581e-04
3.70000e-02     -9.88930e-04
3.72500e-02     -9.88484e-04
3.75000e-02     -9.89469e-04
3.77500e-02     -9.92120e-04
3.80000e-02     -9.96362e-04
3.82500e-02     -1.00205e-03
3.85000e-02     -1.00926e-03
3.87500e-02     -1.01843e-03
3.90000e-02     -1.02739e-03
3.92500e-02     -1.03691e-03
3.95000e-02     -1.04739e-03
3.97500e-02     -1.05846e-03
4.00000e-02     -1.06985e-03
4.02500e-02     -1.08151e-03
4.05000e-02     -1.09333e-03
4.07500e-02     -1.10537e-03
4.10000e-02     -1.11717e-03
4.12500e-02     -1.12874e-03
4.15000e-02     -1.14099e-03
4.17500e-02     -1.15203e-03
4.20000e-02     -1.16266e-03
4.22500e-02     -1.17312e-03
4.25000e-02     -1.18338e-03
4.27500e-02     -1.19344e-03
4.30000e-02     -1.20326e-03
4.32500e-02     -1.21286e-03
4.35000e-02     -1.22219e-03
4.37500e-02     -1.23137e-03
4.40000e-02     -1.23996e-03
4.42500e-02     -1.24800e-03
4.45000e-02     -1.25688e-03
4.47500e-02     -1.26554e-03
4.50000e-02     -1.27378e-03
4.52500e-02     -1.28166e-03
4.55000e-02     -1.28917e-03
4.57500e-02     -1.29629e-03
4.60000e-02     -1.30304e-03
4.62500e-02     -1.30939e-03
4.65000e-02     -1.31535e-03
4.67500e-02     -1.32089e-03
4.70000e-02     -1.32599e-03
4.72500e-02     -1.33067e-03
4.75000e-02     -1.33489e-03
4.77500e-02     -1.33869e-03
4.80000e-02     -1.34302e-03
4.82500e-02     -1.34595e-03
4.85000e-02     -1.34830e-03
4.87500e-02     -1.35050e-03
4.90000e-02     -1.35245e-03
4.92500e-02     -1.35420e-03
4.95000e-02     -1.35580e-03
4.97500e-02     -1.35757e-03
5.00000e-02     -1.35895e-03
5.02500e-02     -1.36028e-03
5.05000e-02     -1.36157e-03
5.07500e-02     -1.36284e-03
5.10000e-02     -1.36423e-03
5.12500e-02     -1.36634e-03
5.15000e-02     -1.36784e-03
5.17500e-02     -1.36923e-03
5.20000e-02     -1.37077e-03
5.22500e-02     -1.37221e-03
5.25000e-02     -1.37406e-03
5.27500e-02     -1.37611e-03
5.30000e-02     -1.37821e-03
5.32500e-02     -1.38031e-03
5.35000e-02     -1.38219e-03
5.37500e-02     -1.38427e-03
5.40000e-02     -1.38643e-03
5.42500e-02     -1.38854e-03
5.45000e-02     -1.39058e-03
5.47500e-02     -1.39171e-03
5.50000e-02     -1.39458e-03
5.52500e-02     -1.39596e-03
5.55000e-02     -1.39769e-03
5.57500e-02     -1.39941e-03
5.60000e-02     -1.40095e-03
5.62500e-02     -1.40250e-03
5.65000e-02     -1.40387e-03
5.67500e-02     -1.40513e-03
5.70000e-02     -1.40629e-03
5.72500e-02     -1.40736e-03
5.75000e-02     -1.40751e-03
5.77500e-02     -1.40852e-03
5.80000e-02     -1.40962e-03
5.82500e-02     -1.41054e-03
5.85000e-02     -1.41128e-03
5.87500e-02     -1.41189e-03
5.90000e-02     -1.41241e-03
5.92500e-02     -1.41285e-03
5.95000e-02     -1.41277e-03
5.97500e-02     -1.41315e-03
6.00000e-02     -1.41356e-03
6.02500e-02     -1.41385e-03
6.05000e-02     -1.41403e-03
6.07500e-02     -1.41413e-03
6.10000e-02     -1.41419e-03
6.12500e-02     -1.41424e-03
6.15000e-02     -1.41429e-03
6.17500e-02     -1.41415e-03
6.20000e-02     -1.41421e-03
6.22500e-02     -1.41409e-03
6.25000e-02     -1.41446e-03
6.27500e-02     -1.41483e-03
6.30000e-02     -1.41517e-03
6.32500e-02     -1.41554e-03
6.35000e-02     -1.41588e-03
6.37500e-02     -1.41648e-03
6.40000e-02     -1.41734e-03
6.42500e-02     -1.41830e-03
6.45000e-02     -1.41937e-03
6.47500e-02     -1.42064e-03
6.50000e-02     -1.42213e-03
6.52500e-02     -1.42385e-03
6.55000e-02     -1.42572e-03
6.57500e-02     -1.42793e-03
6.60000e-02     -1.43040e-03
6.62500e-02     -1.43301e-03
6.65000e-02     -1.43599e-03
6.67500e-02     -1.43932e-03
6.70000e-02     -1.44286e-03
6.72500e-02     -1.44633e-03
6.75000e-02     -1.45029e-03
6.77500e-02     -1.45460e-03
6.80000e-02     -1.45915e-03
6.82500e-02     -1.46393e-03
6.85000e-02     -1.46892e-03
6.87500e-02     -1.47414e-03
6.90000e-02     -1.47881e-03
6.92500e-02     -1.48453e-03
6.95000e-02     -1.49060e-03
6.97500e-02     -1.49673e-03
7.00000e-02     -1.50296e-03
7.02500e-02     -1.50917e-03
7.05000e-02     -1.51558e-03
7.07500e-02     -1.52213e-03
7.10000e-02     -1.52874e-03
7.12500e-02     -1.53594e-03
7.15000e-02     -1.54259e-03
7.17500e-02     -1.54906e-03
7.20000e-02     -1.55557e-03
7.22500e-02     -1.56212e-03
7.25000e-02     -1.56868e-03
7.27500e-02     -1.57520e-03
7.30000e-02     -1.58166e-03
7.32500e-02     -1.58803e-03
7.35000e-02     -1.59438e-03
7.37500e-02     -1.60050e-03
7.40000e-02     -1.60639e-03
7.42500e-02     -1.61215e-03
7.45000e-02     -1.61773e-03
7.47500e-02     -1.62311e-03
7.50000e-02     -1.62826e-03
7.52500e-02     -1.63318e-03
7.55000e-02     -1.63783e-03
7.57500e-02     -1.64222e-03
7.60000e-02     -1.64633e-03
7.62500e-02     -1.65015e-03
7.65000e-02     -1.65367e-03
7.67500e-02     -1.65689e-03
7.70000e-02     -1.65979e-03
7.72500e-02     -1.66237e-03
7.75000e-02     -1.66463e-03
7.77500e-02     -1.66656e-03
7.80000e-02     -1.66816e-03
7.82500e-02     -1.66857e-03
7.85000e-02     -1.66962e-03
7.87500e-02     -1.67051e-03
7.90000e-02     -1.67099e-03
7.92500e-02     -1.67106e-03
7.95000e-02     -1.67077e-03
7.97500e-02     -1.67014e-03
8.00000e-02     -1.66918e-03
8.02500e-02     -1.66736e-03
8.05000e-02     -1.66580e-03
8.07500e-02     -1.66415e-03
8.10000e-02     -1.66209e-03
8.12500e-02     -1.65981e-03
8.15000e-02     -1.65719e-03
8.17500e-02     -1.65440e-03
8.20000e-02     -1.65147e-03
8.22500e-02     -1.64829e-03
8.25000e-02     -1.64476e-03
8.27500e-02     -1.64100e-03
8.30000e-02     -1.63705e-03
8.32500e-02     -1.63293e-03
8.35000e-02     -1.62865e-03
8.37500e-02     -1.62419e-03
8.40000e-02     -1.61958e-03
8.42500e-02     -1.61483e-03
8.45000e-02     -1.60993e-03
8.47500e-02     -1.60489e-03
8.50000e-02     -1.59973e-03
8.52500e-02     -1.59444e-03
8.55000e-02     -1.58903e-03
8.57500e-02     -1.58428e-03
8.60000e-02     -1.57842e-03
8.62500e-02     -1.57241e-03
8.65000e-02     -1.56645e-03
8.67500e-02     -1.56047e-03
8.70000e-02     -1.55443e-03
8.72500e-02     -1.54832e-03
8.75000e-02     -1.54213e-03
8.77500e-02     -1.53585e-03
8.80000e-02     -1.52951e-03
8.82500e-02     -1.52306e-03
8.85000e-02     -1.51657e-03
8.87500e-02     -1.51006e-03
8.90000e-02     -1.50349e-03
8.92500e-02     -1.49675e-03
8.95000e-02     -1.48992e-03
8.97500e-02     -1.48304e-03
9.00000e-02     -1.47609e-03
9.02500e-02     -1.46908e-03
9.05000e-02     -1.46201e-03
9.07500e-02     -1.45487e-03
9.10000e-02     -1.44766e-03
9.12500e-02     -1.44040e-03
9.15000e-02     -1.43306e-03
9.17500e-02     -1.42567e-03
9.20000e-02     -1.41822e-03
9.22500e-02     -1.41070e-03
9.25000e-02     -1.40402e-03
9.27500e-02     -1.39626e-03
9.30000e-02     -1.38829e-03
9.32500e-02     -1.38036e-03
9.35000e-02     -1.37247e-03
9.37500e-02     -1.36459e-03
9.40000e-02     -1.35671e-03
9.42500e-02     -1.34882e-03
9.45000e-02     -1.34093e-03
9.47500e-02     -1.33303e-03
9.50000e-02     -1.32511e-03
9.52500e-02     -1.31734e-03
9.55000e-02     -1.30942e-03
9.57500e-02     -1.30142e-03
9.60000e-02     -1.29346e-03
9.62500e-02     -1.28554e-03
9.65000e-02     -1.27794e-03
9.67500e-02     -1.27008e-03
9.70000e-02     -1.26220e-03
9.72500e-02     -1.25441e-03
9.75000e-02     -1.24674e-03
9.77500e-02     -1.23917e-03
9.80000e-02     -1.23169e-03
9.82500e-02     -1.22432e-03
9.85000e-02     -1.21706e-03
9.87500e-02     -1.20991e-03
9.90000e-02     -1.20287e-03
9.92500e-02     -1.19597e-03
9.95000e-02     -1.18923e-03
9.97500e-02     -1.18263e-03
1.00000e-01     -1.17631e-03
1.00250e-01     -1.17004e-03
1.00500e-01     -1.16388e-03
1.00750e-01     -1.15794e-03
1.01000e-01     -1.15218e-03
1.01250e-01     -1.14663e-03
1.01500e-01     -1.14129e-03
1.01750e-01     -1.13617e-03
1.02000e-01     -1.13128e-03
1.02250e-01     -1.12663e-03
1.02500e-01     -1.12222e-03
1.02750e-01     -1.11805e-03
1.03000e-01     -1.11413e-03
1.03250e-01     -1.11048e-03
1.03500e-01     -1.10709e-03
1.03750e-01     -1.10406e-03
1.04000e-01     -1.10093e-03
1.04250e-01     -1.09837e-03
1.04500e-01     -1.09620e-03
1.04750e-01     -1.09429e-03
1.05000e-01     -1.09263e-03
1.05250e-01     -1.09125e-03
1.05500e-01     -1.09016e-03
1.05750e-01     -1.08937e-03
1.06000e-01     -1.08889e-03
1.06250e-01     -1.08871e-03
1.06500e-01     -1.08884e-03
1.06750e-01     -1.08938e-03
1.07000e-01     -1.09012e-03
1.07250e-01     -1.09113e-03
1.07500e-01     -1.09246e-03
1.07750e-01     -1.09411e-03
1.08000e-01     -1.09609e-03
1.08250e-01     -1.09838e-03
1.08500e-01     -1.10202e-03
1.08750e-01     -1.10485e-03
1.09000e-01     -1.10769e-03
1.09250e-01     -1.11093e-03
1.09500e-01     -1.11458e-03
1.09750e-01     -1.11858e-03
1.10000e-01     -1.12290e-03
1.10250e-01     -1.12754e-03
1.10500e-01     -1.13247e-03
1.10750e-01     -1.13771e-03
1.11000e-01     -1.14322e-03
1.11250e-01     -1.14902e-03
1.11500e-01     -1.15507e-03
1.11750e-01     -1.16138e-03
1.12000e-01     -1.16718e-03
1.12250e-01     -1.17406e-03
1.12500e-01     -1.18135e-03
1.12750e-01     -1.18878e-03
1.13000e-01     -1.19635e-03
1.13250e-01     -1.20395e-03
1.13500e-01     -1.21189e-03
1.13750e-01     -1.22004e-03
1.14000e-01     -1.22831e-03
1.14250e-01     -1.23671e-03
1.14500e-01     -1.24533e-03
1.14750e-01     -1.25409e-03
1.15000e-01     -1.26299e-03
