"Moment Convergence"
"Flow Time" "cm"
1.60250e-01     -8.66541e-04
1.60500e-01     -8.28032e-04
1.60750e-01     -7.87660e-04
1.61000e-01     -7.47325e-04
1.61250e-01     -7.07583e-04
1.61500e-01     -6.67636e-04
1.61750e-01     -6.27850e-04
1.62000e-01     -5.87831e-04
1.62250e-01     -5.47267e-04
1.62500e-01     -5.08424e-04
1.62750e-01     -4.71414e-04
1.63000e-01     -4.33179e-04
1.63250e-01     -3.95196e-04
1.63500e-01     -3.58053e-04
1.63750e-01     -3.21830e-04
1.64000e-01     -2.86973e-04
1.64250e-01     -2.49899e-04
1.64500e-01     -2.13946e-04
1.64750e-01     -1.79816e-04
1.65000e-01     -1.46404e-04
1.65250e-01     -1.13359e-04
1.65500e-01     -8.20823e-05
1.65750e-01     -5.09034e-05
1.66000e-01     -2.07470e-05
1.66250e-01     7.98380e-06
1.66500e-01     3.69041e-05
1.66750e-01     6.46309e-05
1.67000e-01     9.15436e-05
1.67250e-01     1.18107e-04
1.67500e-01     1.42196e-04
1.67750e-01     1.66492e-04
1.68000e-01     1.91141e-04
1.68250e-01     2.14029e-04
1.68500e-01     2.36840e-04
1.68750e-01     2.57479e-04
1.69000e-01     2.76651e-04
1.69250e-01     2.94200e-04
1.69500e-01     3.12430e-04
1.69750e-01     3.29860e-04
1.70000e-01     3.46184e-04
1.70250e-01     3.61696e-04
1.70500e-01     3.75516e-04
1.70750e-01     3.88895e-04
1.71000e-01     4.02048e-04
1.71250e-01     4.15718e-04
1.71500e-01     4.26713e-04
1.71750e-01     4.37545e-04
1.72000e-01     4.48404e-04
1.72250e-01     4.59798e-04
1.72500e-01     4.69551e-04
1.72750e-01     4.78270e-04
1.73000e-01     4.86081e-04
1.73250e-01     4.93308e-04
1.73500e-01     4.99919e-04
1.73750e-01     5.06201e-04
1.74000e-01     5.11529e-04
1.74250e-01     5.16083e-04
1.74500e-01     5.20149e-04
1.74750e-01     5.23651e-04
1.75000e-01     5.27296e-04
1.75250e-01     5.29341e-04
1.75500e-01     5.31832e-04
1.75750e-01     5.32541e-04
1.76000e-01     5.32901e-04
1.76250e-01     5.33165e-04
1.76500e-01     5.32471e-04
1.76750e-01     5.32545e-04
1.77000e-01     5.31473e-04
1.77250e-01     5.28710e-04
1.77500e-01     5.26643e-04
1.77750e-01     5.25171e-04
1.78000e-01     5.22333e-04
1.78250e-01     5.20047e-04
1.78500e-01     5.15710e-04
1.78750e-01     5.10709e-04
1.79000e-01     5.06071e-04
1.79250e-01     5.01702e-04
1.79500e-01     4.96490e-04
1.79750e-01     4.90961e-04
1.80000e-01     4.85178e-04
1.80250e-01     4.79563e-04
1.80500e-01     4.72623e-04
1.80750e-01     4.65453e-04
1.81000e-01     4.59459e-04
1.81250e-01     4.51788e-04
1.81500e-01     4.44357e-04
1.81750e-01     4.36935e-04
1.82000e-01     4.30184e-04
1.82250e-01     4.22187e-04
1.82500e-01     4.13575e-04
1.82750e-01     4.04819e-04
1.83000e-01     3.95800e-04
1.83250e-01     3.86872e-04
1.83500e-01     3.77835e-04
1.83750e-01     3.68870e-04
1.84000e-01     3.59833e-04
1.84250e-01     3.50779e-04
1.84500e-01     3.41988e-04
1.84750e-01     3.32248e-04
1.85000e-01     3.24394e-04
1.85250e-01     3.16394e-04
1.85500e-01     3.05936e-04
1.85750e-01     2.95226e-04
1.86000e-01     2.85654e-04
1.86250e-01     2.78405e-04
1.86500e-01     2.69423e-04
1.86750e-01     2.59829e-04
1.87000e-01     2.51299e-04
1.87250e-01     2.42953e-04
1.87500e-01     2.34803e-04
1.87750e-01     2.27576e-04
1.88000e-01     2.19907e-04
1.88250e-01     2.12341e-04
1.88500e-01     2.04923e-04
1.88750e-01     1.97569e-04
1.89000e-01     1.91154e-04
1.89250e-01     1.84636e-04
1.89500e-01     1.78727e-04
1.89750e-01     1.73661e-04
1.90000e-01     1.67547e-04
1.90250e-01     1.62535e-04
1.90500e-01     1.59139e-04
1.90750e-01     1.58184e-04
1.91000e-01     1.54007e-04
1.91250e-01     1.50407e-04
1.91500e-01     1.48522e-04
1.91750e-01     1.46855e-04
1.92000e-01     1.45584e-04
1.92250e-01     1.44859e-04
1.92500e-01     1.44268e-04
1.92750e-01     1.43932e-04
1.93000e-01     1.44521e-04
1.93250e-01     1.46140e-04
1.93500e-01     1.47473e-04
1.93750e-01     1.49290e-04
1.94000e-01     1.51402e-04
1.94250e-01     1.54773e-04
1.94500e-01     1.58146e-04
1.94750e-01     1.61780e-04
1.95000e-01     1.64399e-04
1.95250e-01     1.67386e-04
1.95500e-01     1.69937e-04
1.95750e-01     1.72721e-04
1.96000e-01     1.77107e-04
1.96250e-01     1.81251e-04
1.96500e-01     1.85432e-04
1.96750e-01     1.90040e-04
1.97000e-01     1.94299e-04
1.97250e-01     1.98489e-04
1.97500e-01     2.01788e-04
1.97750e-01     2.06050e-04
1.98000e-01     2.09596e-04
1.98250e-01     2.12070e-04
1.98500e-01     2.17031e-04
1.98750e-01     2.20962e-04
1.99000e-01     2.22132e-04
1.99250e-01     2.21738e-04
1.99500e-01     2.22445e-04
1.99750e-01     2.22295e-04
2.00000e-01     2.21795e-04
2.00250e-01     2.20942e-04
2.00500e-01     2.19475e-04
2.00750e-01     2.18340e-04
2.01000e-01     2.15424e-04
2.01250e-01     2.11641e-04
2.01500e-01     2.07103e-04
2.01750e-01     2.01674e-04
2.02000e-01     1.95855e-04
2.02250e-01     1.89325e-04
2.02500e-01     1.81928e-04
2.02750e-01     1.73518e-04
2.03000e-01     1.64377e-04
2.03250e-01     1.54256e-04
2.03500e-01     1.43465e-04
2.03750e-01     1.32260e-04
2.04000e-01     1.19983e-04
2.04250e-01     1.06836e-04
2.04500e-01     9.29834e-05
2.04750e-01     7.99979e-05
2.05000e-01     6.48348e-05
2.05250e-01     4.71405e-05
2.05500e-01     3.02706e-05
2.05750e-01     1.26206e-05
2.06000e-01     -4.10508e-06
2.06250e-01     -2.21262e-05
2.06500e-01     -4.04132e-05
2.06750e-01     -5.96060e-05
2.07000e-01     -8.09700e-05
2.07250e-01     -1.00907e-04
2.07500e-01     -1.21477e-04
2.07750e-01     -1.41318e-04
2.08000e-01     -1.64516e-04
2.08250e-01     -1.88027e-04
2.08500e-01     -2.11179e-04
2.08750e-01     -2.33600e-04
2.09000e-01     -2.56729e-04
2.09250e-01     -2.80315e-04
2.09500e-01     -3.04567e-04
2.09750e-01     -3.29089e-04
2.10000e-01     -3.52801e-04
2.10250e-01     -3.79432e-04
2.10500e-01     -4.04981e-04
2.10750e-01     -4.30639e-04
2.11000e-01     -4.56728e-04
2.11250e-01     -4.82865e-04
2.11500e-01     -5.10538e-04
2.11750e-01     -5.39057e-04
2.12000e-01     -5.63027e-04
2.12250e-01     -5.90700e-04
2.12500e-01     -6.19148e-04
2.12750e-01     -6.48537e-04
2.13000e-01     -6.76330e-04
2.13250e-01     -7.04891e-04
2.13500e-01     -7.33769e-04
2.13750e-01     -7.61809e-04
2.14000e-01     -7.89365e-04
2.14250e-01     -8.18797e-04
2.14500e-01     -8.50288e-04
2.14750e-01     -8.80219e-04
2.15000e-01     -9.07653e-04
2.15250e-01     -9.37643e-04
2.15500e-01     -9.68627e-04
2.15750e-01     -9.99556e-04
2.16000e-01     -1.02869e-03
2.16250e-01     -1.05736e-03
2.16500e-01     -1.08573e-03
2.16750e-01     -1.11446e-03
2.17000e-01     -1.14263e-03
2.17250e-01     -1.17113e-03
2.17500e-01     -1.19781e-03
2.17750e-01     -1.22409e-03
2.18000e-01     -1.25191e-03
2.18250e-01     -1.27886e-03
2.18500e-01     -1.30340e-03
2.18750e-01     -1.32829e-03
2.19000e-01     -1.35438e-03
2.19250e-01     -1.37753e-03
2.19500e-01     -1.39971e-03
2.19750e-01     -1.42332e-03
2.20000e-01     -1.44364e-03
2.20250e-01     -1.46220e-03
2.20500e-01     -1.48086e-03
2.20750e-01     -1.49811e-03
2.21000e-01     -1.51424e-03
2.21250e-01     -1.52749e-03
2.21500e-01     -1.54108e-03
2.21750e-01     -1.55307e-03
2.22000e-01     -1.56430e-03
2.22250e-01     -1.57479e-03
2.22500e-01     -1.58362e-03
2.22750e-01     -1.59028e-03
2.23000e-01     -1.59682e-03
2.23250e-01     -1.60285e-03
2.23500e-01     -1.60641e-03
2.23750e-01     -1.60938e-03
2.24000e-01     -1.61060e-03
2.24250e-01     -1.61024e-03
2.24500e-01     -1.60915e-03
2.24750e-01     -1.60610e-03
2.25000e-01     -1.60374e-03
2.25250e-01     -1.59856e-03
2.25500e-01     -1.59374e-03
2.25750e-01     -1.58827e-03
2.26000e-01     -1.58135e-03
2.26250e-01     -1.57420e-03
2.26500e-01     -1.56618e-03
2.26750e-01     -1.55750e-03
2.27000e-01     -1.54708e-03
2.27250e-01     -1.53707e-03
2.27500e-01     -1.52736e-03
2.27750e-01     -1.51762e-03
2.28000e-01     -1.50566e-03
2.28250e-01     -1.49339e-03
2.28500e-01     -1.48064e-03
2.28750e-01     -1.46670e-03
2.29000e-01     -1.45362e-03
2.29250e-01     -1.44008e-03
2.29500e-01     -1.42592e-03
2.29750e-01     -1.41005e-03
2.30000e-01     -1.39595e-03
2.30250e-01     -1.38124e-03
2.30500e-01     -1.36592e-03
2.30750e-01     -1.34891e-03
2.31000e-01     -1.33048e-03
2.31250e-01     -1.31351e-03
2.31500e-01     -1.29526e-03
2.31750e-01     -1.27629e-03
2.32000e-01     -1.25684e-03
2.32250e-01     -1.23658e-03
2.32500e-01     -1.21531e-03
2.32750e-01     -1.19319e-03
2.33000e-01     -1.16909e-03
2.33250e-01     -1.14556e-03
2.33500e-01     -1.12162e-03
2.33750e-01     -1.09754e-03
2.34000e-01     -1.07234e-03
2.34250e-01     -1.04649e-03
2.34500e-01     -1.01958e-03
2.34750e-01     -9.92829e-04
2.35000e-01     -9.64362e-04
2.35250e-01     -9.35071e-04
2.35500e-01     -9.05462e-04
2.35750e-01     -8.73140e-04
2.36000e-01     -8.42062e-04
2.36250e-01     -8.09943e-04
2.36500e-01     -7.77187e-04
2.36750e-01     -7.43684e-04
2.37000e-01     -7.10132e-04
2.37250e-01     -6.75913e-04
2.37500e-01     -6.40971e-04
2.37750e-01     -6.05519e-04
2.38000e-01     -5.69679e-04
2.38250e-01     -5.33253e-04
2.38500e-01     -4.96882e-04
2.38750e-01     -4.60439e-04
2.39000e-01     -4.23710e-04
2.39250e-01     -3.86438e-04
2.39500e-01     -3.49062e-04
2.39750e-01     -3.11671e-04
2.40000e-01     -2.73969e-04
2.40250e-01     -2.36771e-04
2.40500e-01     -1.99552e-04
2.40750e-01     -1.62948e-04
2.41000e-01     -1.25104e-04
2.41250e-01     -8.61924e-05
2.41500e-01     -4.90243e-05
2.41750e-01     -1.29803e-05
2.42000e-01     2.32691e-05
2.42250e-01     5.96503e-05
2.42500e-01     9.61655e-05
2.42750e-01     1.32123e-04
2.43000e-01     1.67247e-04
2.43250e-01     2.02542e-04
2.43500e-01     2.36744e-04
2.43750e-01     2.69944e-04
2.44000e-01     3.03070e-04
2.44250e-01     3.36474e-04
2.44500e-01     3.68906e-04
2.44750e-01     4.00575e-04
2.45000e-01     4.30614e-04
2.45250e-01     4.61462e-04
2.45500e-01     4.91790e-04
2.45750e-01     5.20950e-04
2.46000e-01     5.49914e-04
2.46250e-01     5.79619e-04
2.46500e-01     6.07986e-04
2.46750e-01     6.34291e-04
2.47000e-01     6.61084e-04
2.47250e-01     6.86930e-04
2.47500e-01     7.11851e-04
2.47750e-01     7.36368e-04
2.48000e-01     7.60935e-04
2.48250e-01     7.84677e-04
2.48500e-01     8.07171e-04
2.48750e-01     8.29810e-04
2.49000e-01     8.52170e-04
2.49250e-01     8.73876e-04
2.49500e-01     8.95483e-04
2.49750e-01     9.16947e-04
2.50000e-01     9.37205e-04
2.50250e-01     9.56601e-04
2.50500e-01     9.75811e-04
2.50750e-01     9.94519e-04
2.51000e-01     1.01275e-03
2.51250e-01     1.03070e-03
2.51500e-01     1.04839e-03
2.51750e-01     1.06569e-03
2.52000e-01     1.08242e-03
2.52250e-01     1.09795e-03
2.52500e-01     1.11432e-03
2.52750e-01     1.13025e-03
2.53000e-01     1.14581e-03
2.53250e-01     1.15996e-03
2.53500e-01     1.17500e-03
2.53750e-01     1.18971e-03
2.54000e-01     1.20391e-03
2.54250e-01     1.21753e-03
2.54500e-01     1.23145e-03
2.54750e-01     1.24358e-03
2.55000e-01     1.25515e-03
2.55250e-01     1.26718e-03
2.55500e-01     1.27993e-03
2.55750e-01     1.29143e-03
2.56000e-01     1.30330e-03
2.56250e-01     1.31209e-03
2.56500e-01     1.32223e-03
2.56750e-01     1.33168e-03
2.57000e-01     1.34106e-03
2.57250e-01     1.34998e-03
2.57500e-01     1.35838e-03
2.57750e-01     1.36616e-03
2.58000e-01     1.37338e-03
2.58250e-01     1.38046e-03
2.58500e-01     1.38663e-03
2.58750e-01     1.39206e-03
2.59000e-01     1.39736e-03
2.59250e-01     1.40292e-03
2.59500e-01     1.40645e-03
2.59750e-01     1.40943e-03
2.60000e-01     1.41201e-03
2.60250e-01     1.41420e-03
2.60500e-01     1.41554e-03
2.60750e-01     1.41617e-03
2.61000e-01     1.41696e-03
2.61250e-01     1.41615e-03
2.61500e-01     1.41587e-03
2.61750e-01     1.41473e-03
2.62000e-01     1.41273e-03
2.62250e-01     1.41000e-03
2.62500e-01     1.40618e-03
2.62750e-01     1.40209e-03
2.63000e-01     1.39824e-03
2.63250e-01     1.39285e-03
2.63500e-01     1.38678e-03
2.63750e-01     1.38002e-03
2.64000e-01     1.37230e-03
2.64250e-01     1.36304e-03
2.64500e-01     1.35439e-03
2.64750e-01     1.34532e-03
2.65000e-01     1.33496e-03
2.65250e-01     1.32428e-03
2.65500e-01     1.31293e-03
2.65750e-01     1.30093e-03
2.66000e-01     1.28816e-03
2.66250e-01     1.27429e-03
2.66500e-01     1.25959e-03
2.66750e-01     1.24558e-03
2.67000e-01     1.22972e-03
2.67250e-01     1.21270e-03
2.67500e-01     1.19566e-03
2.67750e-01     1.17768e-03
2.68000e-01     1.15837e-03
2.68250e-01     1.13907e-03
2.68500e-01     1.11841e-03
2.68750e-01     1.09710e-03
2.69000e-01     1.07478e-03
2.69250e-01     1.05165e-03
2.69500e-01     1.02775e-03
2.69750e-01     1.00354e-03
2.70000e-01     9.78013e-04
2.70250e-01     9.51611e-04
2.70500e-01     9.24656e-04
2.70750e-01     8.97049e-04
2.71000e-01     8.68705e-04
2.71250e-01     8.39226e-04
2.71500e-01     8.09405e-04
2.71750e-01     7.78862e-04
2.72000e-01     7.48002e-04
2.72250e-01     7.15316e-04
2.72500e-01     6.82224e-04
2.72750e-01     6.48540e-04
2.73000e-01     6.14186e-04
2.73250e-01     5.79159e-04
2.73500e-01     5.43470e-04
2.73750e-01     5.07536e-04
2.74000e-01     4.70542e-04
2.74250e-01     4.33486e-04
2.74500e-01     3.94912e-04
2.74750e-01     3.55533e-04
2.75000e-01     3.15813e-04
2.75250e-01     2.75736e-04
2.75500e-01     2.34216e-04
2.75750e-01     1.93089e-04
2.76000e-01     1.51856e-04
2.76250e-01     1.09615e-04
2.76500e-01     6.74463e-05
2.76750e-01     2.32358e-05
2.77000e-01     -2.09611e-05
2.77250e-01     -6.52494e-05
2.77500e-01     -1.09553e-04
2.77750e-01     -1.54185e-04
2.78000e-01     -2.00111e-04
2.78250e-01     -2.46646e-04
2.78500e-01     -2.93641e-04
2.78750e-01     -3.40459e-04
2.79000e-01     -3.86785e-04
2.79250e-01     -4.35011e-04
2.79500e-01     -4.82462e-04
2.79750e-01     -5.29645e-04
2.80000e-01     -5.76711e-04
2.80250e-01     -6.23930e-04
2.80500e-01     -6.71649e-04
2.80750e-01     -7.19401e-04
2.81000e-01     -7.67035e-04
2.81250e-01     -8.14387e-04
2.81500e-01     -8.62285e-04
2.81750e-01     -9.09881e-04
2.82000e-01     -9.56922e-04
2.82250e-01     -1.00442e-03
2.82500e-01     -1.05089e-03
2.82750e-01     -1.09734e-03
2.83000e-01     -1.14339e-03
2.83250e-01     -1.18851e-03
2.83500e-01     -1.23368e-03
2.83750e-01     -1.27730e-03
2.84000e-01     -1.32222e-03
2.84250e-01     -1.36593e-03
2.84500e-01     -1.40899e-03
2.84750e-01     -1.45228e-03
2.85000e-01     -1.49426e-03
2.85250e-01     -1.53427e-03
2.85500e-01     -1.57415e-03
2.85750e-01     -1.61347e-03
2.86000e-01     -1.65206e-03
2.86250e-01     -1.68994e-03
2.86500e-01     -1.72691e-03
2.86750e-01     -1.76325e-03
2.87000e-01     -1.79859e-03
2.87250e-01     -1.83205e-03
2.87500e-01     -1.86552e-03
2.87750e-01     -1.89781e-03
2.88000e-01     -1.92926e-03
2.88250e-01     -1.95999e-03
2.88500e-01     -1.98947e-03
2.88750e-01     -2.01808e-03
2.89000e-01     -2.04471e-03
2.89250e-01     -2.07169e-03
2.89500e-01     -2.09748e-03
2.89750e-01     -2.12211e-03
2.90000e-01     -2.14540e-03
2.90250e-01     -2.16718e-03
2.90500e-01     -2.18822e-03
2.90750e-01     -2.20851e-03
2.91000e-01     -2.22752e-03
2.91250e-01     -2.24568e-03
2.91500e-01     -2.26221e-03
2.91750e-01     -2.27802e-03
2.92000e-01     -2.29310e-03
2.92250e-01     -2.30694e-03
2.92500e-01     -2.31950e-03
2.92750e-01     -2.33162e-03
2.93000e-01     -2.34385e-03
2.93250e-01     -2.35293e-03
2.93500e-01     -2.36069e-03
2.93750e-01     -2.36794e-03
2.94000e-01     -2.37418e-03
2.94250e-01     -2.37925e-03
2.94500e-01     -2.38399e-03
2.94750e-01     -2.38697e-03
2.95000e-01     -2.38867e-03
2.95250e-01     -2.38986e-03
2.95500e-01     -2.39005e-03
2.95750e-01     -2.38931e-03
2.96000e-01     -2.38760e-03
2.96250e-01     -2.38477e-03
2.96500e-01     -2.38122e-03
2.96750e-01     -2.37387e-03
2.97000e-01     -2.36824e-03
2.97250e-01     -2.36273e-03
2.97500e-01     -2.35524e-03
2.97750e-01     -2.34608e-03
2.98000e-01     -2.33568e-03
2.98250e-01     -2.32407e-03
2.98500e-01     -2.31142e-03
2.98750e-01     -2.29714e-03
2.99000e-01     -2.28045e-03
2.99250e-01     -2.26380e-03
2.99500e-01     -2.24589e-03
2.99750e-01     -2.22704e-03
3.00000e-01     -2.20608e-03
3.00250e-01     -2.18503e-03
3.00500e-01     -2.16137e-03
3.00750e-01     -2.13528e-03
3.01000e-01     -2.10934e-03
3.01250e-01     -2.08091e-03
3.01500e-01     -2.05050e-03
3.01750e-01     -2.01987e-03
3.02000e-01     -1.98662e-03
3.02250e-01     -1.95179e-03
3.02500e-01     -1.91521e-03
3.02750e-01     -1.87805e-03
3.03000e-01     -1.83894e-03
