"Lift Convergence"
"Flow Time" "cl"
2.50000e-04     -2.04362e-02
5.00000e-04     -1.88222e-02
7.50000e-04     -1.63633e-02
1.00000e-03     -1.36729e-02
1.25000e-03     -1.09122e-02
1.50000e-03     -8.26043e-03
1.75000e-03     -5.87352e-03
2.00000e-03     -3.90621e-03
2.25000e-03     -2.48898e-03
2.50000e-03     -1.78038e-03
2.75000e-03     -1.86092e-03
3.00000e-03     -2.66425e-03
3.25000e-03     -3.90178e-03
3.50000e-03     -5.11413e-03
3.75000e-03     -5.83320e-03
4.00000e-03     -5.62755e-03
4.25000e-03     -4.25128e-03
4.50000e-03     -1.73483e-03
4.75000e-03     1.79327e-03
5.00000e-03     6.03976e-03
5.25000e-03     1.06814e-02
5.50000e-03     1.54071e-02
5.75000e-03     1.99837e-02
6.00000e-03     2.42605e-02
6.25000e-03     2.81827e-02
6.50000e-03     3.17557e-02
6.75000e-03     3.50039e-02
7.00000e-03     3.79357e-02
7.25000e-03     4.05662e-02
7.50000e-03     4.28305e-02
7.75000e-03     4.46732e-02
8.00000e-03     4.60508e-02
8.25000e-03     4.69287e-02
8.50000e-03     4.72801e-02
8.75000e-03     4.71282e-02
9.00000e-03     4.65333e-02
9.25000e-03     4.55783e-02
9.50000e-03     4.43196e-02
9.75000e-03     4.28101e-02
1.00000e-02     4.11192e-02
1.02500e-02     3.92930e-02
1.05000e-02     3.73404e-02
1.07500e-02     3.52615e-02
1.10000e-02     3.30698e-02
1.12500e-02     3.07245e-02
1.15000e-02     2.82095e-02
1.17500e-02     2.55523e-02
1.20000e-02     2.27558e-02
1.22500e-02     1.99034e-02
1.25000e-02     1.70213e-02
1.27500e-02     1.42007e-02
1.30000e-02     1.15136e-02
1.32500e-02     9.05791e-03
1.35000e-02     6.92407e-03
1.37500e-02     5.15730e-03
1.40000e-02     3.79740e-03
1.42500e-02     2.87360e-03
1.45000e-02     2.39515e-03
1.47500e-02     2.35953e-03
1.50000e-02     2.75461e-03
1.52500e-02     3.53234e-03
1.55000e-02     4.69585e-03
1.57500e-02     6.18122e-03
1.60000e-02     7.96887e-03
1.62500e-02     1.00180e-02
1.65000e-02     1.23024e-02
1.67500e-02     1.47679e-02
1.70000e-02     1.74070e-02
1.72500e-02     2.01672e-02
1.75000e-02     2.30248e-02
1.77500e-02     2.59460e-02
1.80000e-02     2.89152e-02
1.82500e-02     3.18799e-02
1.85000e-02     3.47911e-02
1.87500e-02     3.76507e-02
1.90000e-02     4.03960e-02
1.92500e-02     4.29945e-02
1.95000e-02     4.54031e-02
1.97500e-02     4.75781e-02
2.00000e-02     4.95244e-02
2.02500e-02     5.11897e-02
2.05000e-02     5.25452e-02
2.07500e-02     5.35950e-02
2.10000e-02     5.43051e-02
2.12500e-02     5.46636e-02
2.15000e-02     5.46793e-02
2.17500e-02     5.43747e-02
2.20000e-02     5.37266e-02
2.22500e-02     5.27631e-02
2.25000e-02     5.15130e-02
2.27500e-02     4.99597e-02
2.30000e-02     4.81594e-02
2.32500e-02     4.61420e-02
2.35000e-02     4.39316e-02
2.37500e-02     4.15294e-02
2.40000e-02     3.89826e-02
2.42500e-02     3.63129e-02
2.45000e-02     3.35454e-02
2.47500e-02     3.07383e-02
2.50000e-02     2.78822e-02
2.52500e-02     2.50071e-02
2.55000e-02     2.21322e-02
2.57500e-02     1.92928e-02
2.60000e-02     1.65096e-02
2.62500e-02     1.37901e-02
2.65000e-02     1.11614e-02
2.67500e-02     8.63343e-03
2.70000e-02     6.20615e-03
2.72500e-02     3.90361e-03
2.75000e-02     1.72523e-03
2.77500e-02     -3.13463e-04
2.80000e-02     -2.21571e-03
2.82500e-02     -3.98762e-03
2.85000e-02     -5.63134e-03
2.87500e-02     -7.13919e-03
2.90000e-02     -8.52331e-03
2.92500e-02     -9.79440e-03
2.95000e-02     -1.09701e-02
2.97500e-02     -1.20621e-02
3.00000e-02     -1.30818e-02
3.02500e-02     -1.40393e-02
3.05000e-02     -1.49507e-02
3.07500e-02     -1.58287e-02
3.10000e-02     -1.66953e-02
3.12500e-02     -1.75520e-02
3.15000e-02     -1.84160e-02
3.17500e-02     -1.93051e-02
3.20000e-02     -2.02185e-02
3.22500e-02     -2.11812e-02
3.25000e-02     -2.21936e-02
3.27500e-02     -2.32491e-02
3.30000e-02     -2.43629e-02
3.32500e-02     -2.55391e-02
3.35000e-02     -2.67786e-02
3.37500e-02     -2.80839e-02
3.40000e-02     -2.94510e-02
3.42500e-02     -3.08788e-02
3.45000e-02     -3.23466e-02
3.47500e-02     -3.38618e-02
3.50000e-02     -3.54054e-02
3.52500e-02     -3.69795e-02
3.55000e-02     -3.85799e-02
3.57500e-02     -4.01817e-02
3.60000e-02     -4.17825e-02
3.62500e-02     -4.33793e-02
3.65000e-02     -4.49232e-02
3.67500e-02     -4.64350e-02
3.70000e-02     -4.78955e-02
3.72500e-02     -4.93230e-02
3.75000e-02     -5.06813e-02
3.77500e-02     -5.19675e-02
3.80000e-02     -5.31671e-02
3.82500e-02     -5.42847e-02
3.85000e-02     -5.53087e-02
3.87500e-02     -5.62514e-02
3.90000e-02     -5.71230e-02
3.92500e-02     -5.78956e-02
3.95000e-02     -5.85795e-02
3.97500e-02     -5.91782e-02
4.00000e-02     -5.97023e-02
4.02500e-02     -6.01422e-02
4.05000e-02     -6.05230e-02
4.07500e-02     -6.08265e-02
4.10000e-02     -6.10545e-02
4.12500e-02     -6.12196e-02
4.15000e-02     -6.13418e-02
4.17500e-02     -6.14475e-02
4.20000e-02     -6.15246e-02
4.22500e-02     -6.15592e-02
4.25000e-02     -6.15584e-02
4.27500e-02     -6.15536e-02
4.30000e-02     -6.15244e-02
4.32500e-02     -6.14857e-02
4.35000e-02     -6.14511e-02
4.37500e-02     -6.14149e-02
4.40000e-02     -6.13872e-02
4.42500e-02     -6.13729e-02
4.45000e-02     -6.13513e-02
4.47500e-02     -6.13079e-02
4.50000e-02     -6.12722e-02
4.52500e-02     -6.12279e-02
4.55000e-02     -6.11746e-02
4.57500e-02     -6.11275e-02
4.60000e-02     -6.10864e-02
4.62500e-02     -6.10249e-02
4.65000e-02     -6.09550e-02
4.67500e-02     -6.08583e-02
4.70000e-02     -6.07660e-02
4.72500e-02     -6.06827e-02
4.75000e-02     -6.05716e-02
4.77500e-02     -6.04557e-02
4.80000e-02     -6.03142e-02
4.82500e-02     -6.01823e-02
4.85000e-02     -6.00625e-02
4.87500e-02     -5.99474e-02
4.90000e-02     -5.98523e-02
4.92500e-02     -5.97923e-02
4.95000e-02     -5.97673e-02
4.97500e-02     -5.97823e-02
5.00000e-02     -5.98480e-02
5.02500e-02     -5.99602e-02
5.05000e-02     -6.01621e-02
5.07500e-02     -6.04897e-02
5.10000e-02     -6.09144e-02
5.12500e-02     -6.14761e-02
5.15000e-02     -6.21696e-02
5.17500e-02     -6.30224e-02
5.20000e-02     -6.40173e-02
5.22500e-02     -6.51729e-02
5.25000e-02     -6.65102e-02
5.27500e-02     -6.80279e-02
5.30000e-02     -6.97441e-02
5.32500e-02     -7.16610e-02
5.35000e-02     -7.37667e-02
5.37500e-02     -7.60756e-02
5.40000e-02     -7.85813e-02
5.42500e-02     -8.12621e-02
5.45000e-02     -8.41461e-02
5.47500e-02     -8.72107e-02
5.50000e-02     -9.04502e-02
5.52500e-02     -9.38456e-02
5.55000e-02     -9.73855e-02
5.57500e-02     -1.01074e-01
5.60000e-02     -1.04869e-01
5.62500e-02     -1.08757e-01
5.65000e-02     -1.12729e-01
5.67500e-02     -1.16724e-01
5.70000e-02     -1.20750e-01
5.72500e-02     -1.24774e-01
5.75000e-02     -1.28789e-01
5.77500e-02     -1.32761e-01
5.80000e-02     -1.36644e-01
5.82500e-02     -1.40426e-01
5.85000e-02     -1.44056e-01
5.87500e-02     -1.47556e-01
5.90000e-02     -1.50918e-01
5.92500e-02     -1.54094e-01
5.95000e-02     -1.57048e-01
5.97500e-02     -1.59787e-01
6.00000e-02     -1.62281e-01
6.02500e-02     -1.64518e-01
6.05000e-02     -1.66493e-01
6.07500e-02     -1.68200e-01
6.10000e-02     -1.69615e-01
6.12500e-02     -1.70744e-01
6.15000e-02     -1.71577e-01
6.17500e-02     -1.72155e-01
6.20000e-02     -1.72427e-01
6.22500e-02     -1.72399e-01
6.25000e-02     -1.72103e-01
6.27500e-02     -1.71543e-01
6.30000e-02     -1.70718e-01
6.32500e-02     -1.69642e-01
6.35000e-02     -1.68317e-01
6.37500e-02     -1.66737e-01
6.40000e-02     -1.64933e-01
6.42500e-02     -1.62894e-01
6.45000e-02     -1.60645e-01
6.47500e-02     -1.58186e-01
6.50000e-02     -1.55524e-01
6.52500e-02     -1.52671e-01
6.55000e-02     -1.49619e-01
6.57500e-02     -1.46360e-01
6.60000e-02     -1.42940e-01
6.62500e-02     -1.39329e-01
6.65000e-02     -1.35539e-01
6.67500e-02     -1.31593e-01
6.70000e-02     -1.27476e-01
6.72500e-02     -1.23171e-01
6.75000e-02     -1.18718e-01
6.77500e-02     -1.14086e-01
6.80000e-02     -1.09311e-01
6.82500e-02     -1.04379e-01
6.85000e-02     -9.93043e-02
6.87500e-02     -9.40916e-02
6.90000e-02     -8.87338e-02
6.92500e-02     -8.32493e-02
6.95000e-02     -7.76167e-02
6.97500e-02     -7.18594e-02
7.00000e-02     -6.59968e-02
7.02500e-02     -6.00416e-02
7.05000e-02     -5.40388e-02
7.07500e-02     -4.79655e-02
7.10000e-02     -4.18370e-02
7.12500e-02     -3.56900e-02
7.15000e-02     -2.95462e-02
7.17500e-02     -2.34167e-02
7.20000e-02     -1.73420e-02
7.22500e-02     -1.13172e-02
7.25000e-02     -5.37299e-03
7.27500e-02     4.62491e-04
7.30000e-02     6.16794e-03
7.32500e-02     1.17161e-02
7.35000e-02     1.70880e-02
7.37500e-02     2.22614e-02
7.40000e-02     2.72054e-02
7.42500e-02     3.19002e-02
7.45000e-02     3.63238e-02
7.47500e-02     4.04581e-02
7.50000e-02     4.42764e-02
7.52500e-02     4.77852e-02
7.55000e-02     5.09257e-02
7.57500e-02     5.36996e-02
7.60000e-02     5.60992e-02
7.62500e-02     5.81130e-02
7.65000e-02     5.97292e-02
7.67500e-02     6.09470e-02
7.70000e-02     6.17625e-02
7.72500e-02     6.21638e-02
7.75000e-02     6.21261e-02
7.77500e-02     6.16487e-02
7.80000e-02     6.07768e-02
7.82500e-02     5.95055e-02
7.85000e-02     5.77986e-02
7.87500e-02     5.56698e-02
7.90000e-02     5.31344e-02
7.92500e-02     5.02210e-02
7.95000e-02     4.69361e-02
7.97500e-02     4.33241e-02
8.00000e-02     3.93420e-02
8.02500e-02     3.50270e-02
8.05000e-02     3.03978e-02
8.07500e-02     2.54969e-02
8.10000e-02     2.03451e-02
8.12500e-02     1.49581e-02
8.15000e-02     9.35660e-03
8.17500e-02     3.57856e-03
8.20000e-02     -2.34470e-03
8.22500e-02     -8.37908e-03
8.25000e-02     -1.44993e-02
8.27500e-02     -2.06475e-02
8.30000e-02     -2.68067e-02
8.32500e-02     -3.29538e-02
8.35000e-02     -3.90365e-02
8.37500e-02     -4.50170e-02
8.40000e-02     -5.08761e-02
8.42500e-02     -5.65735e-02
8.45000e-02     -6.20676e-02
8.47500e-02     -6.73335e-02
8.50000e-02     -7.23423e-02
8.52500e-02     -7.70691e-02
8.55000e-02     -8.14743e-02
8.57500e-02     -8.55409e-02
8.60000e-02     -8.92279e-02
8.62500e-02     -9.25406e-02
8.65000e-02     -9.54388e-02
8.67500e-02     -9.79172e-02
8.70000e-02     -9.99580e-02
8.72500e-02     -1.01554e-01
8.75000e-02     -1.02698e-01
8.77500e-02     -1.03385e-01
8.80000e-02     -1.03617e-01
8.82500e-02     -1.03398e-01
8.85000e-02     -1.02713e-01
8.87500e-02     -1.01587e-01
8.90000e-02     -1.00021e-01
8.92500e-02     -9.80335e-02
8.95000e-02     -9.56433e-02
8.97500e-02     -9.28639e-02
9.00000e-02     -8.97213e-02
9.02500e-02     -8.62348e-02
9.05000e-02     -8.24335e-02
9.07500e-02     -7.83466e-02
9.10000e-02     -7.40008e-02
9.12500e-02     -6.94269e-02
9.15000e-02     -6.46522e-02
9.17500e-02     -5.97180e-02
9.20000e-02     -5.46481e-02
9.22500e-02     -4.94804e-02
9.25000e-02     -4.42447e-02
9.27500e-02     -3.89871e-02
9.30000e-02     -3.37354e-02
9.32500e-02     -2.85207e-02
9.35000e-02     -2.33794e-02
9.37500e-02     -1.83347e-02
9.40000e-02     -1.34121e-02
9.42500e-02     -8.65547e-03
9.45000e-02     -4.07959e-03
9.47500e-02     2.88181e-04
9.50000e-02     4.42854e-03
9.52500e-02     8.30668e-03
9.55000e-02     1.19161e-02
9.57500e-02     1.52251e-02
9.60000e-02     1.82263e-02
9.62500e-02     2.08995e-02
9.65000e-02     2.32392e-02
9.67500e-02     2.52485e-02
9.70000e-02     2.69098e-02
9.72500e-02     2.82207e-02
9.75000e-02     2.91696e-02
9.77500e-02     2.97618e-02
9.80000e-02     2.99834e-02
9.82500e-02     2.98515e-02
9.85000e-02     2.93749e-02
9.87500e-02     2.85481e-02
9.90000e-02     2.73819e-02
9.92500e-02     2.58993e-02
9.95000e-02     2.40681e-02
9.97500e-02     2.19359e-02
1.00000e-01     1.95051e-02
1.00250e-01     1.67850e-02
1.00500e-01     1.37975e-02
1.00750e-01     1.05490e-02
1.01000e-01     7.05629e-03
1.01250e-01     3.33603e-03
1.01500e-01     -5.98034e-04
1.01750e-01     -4.72524e-03
1.02000e-01     -9.03312e-03
1.02250e-01     -1.34929e-02
1.02500e-01     -1.80993e-02
1.02750e-01     -2.28285e-02
1.03000e-01     -2.76659e-02
1.03250e-01     -3.25887e-02
1.03500e-01     -3.75736e-02
1.03750e-01     -4.26271e-02
1.04000e-01     -4.77047e-02
1.04250e-01     -5.28042e-02
1.04500e-01     -5.79045e-02
1.04750e-01     -6.29867e-02
1.05000e-01     -6.80379e-02
1.05250e-01     -7.30232e-02
1.05500e-01     -7.79408e-02
1.05750e-01     -8.27766e-02
1.06000e-01     -8.75119e-02
1.06250e-01     -9.21331e-02
1.06500e-01     -9.66203e-02
1.06750e-01     -1.00955e-01
1.07000e-01     -1.05125e-01
1.07250e-01     -1.09124e-01
1.07500e-01     -1.12942e-01
1.07750e-01     -1.16556e-01
1.08000e-01     -1.19962e-01
1.08250e-01     -1.23138e-01
1.08500e-01     -1.26081e-01
1.08750e-01     -1.28786e-01
1.09000e-01     -1.31232e-01
1.09250e-01     -1.33420e-01
1.09500e-01     -1.35337e-01
1.09750e-01     -1.36974e-01
1.10000e-01     -1.38337e-01
1.10250e-01     -1.39419e-01
1.10500e-01     -1.40206e-01
1.10750e-01     -1.40704e-01
1.11000e-01     -1.40912e-01
1.11250e-01     -1.40828e-01
1.11500e-01     -1.40452e-01
1.11750e-01     -1.39779e-01
1.12000e-01     -1.38816e-01
1.12250e-01     -1.37593e-01
1.12500e-01     -1.36102e-01
1.12750e-01     -1.34349e-01
1.13000e-01     -1.32339e-01
1.13250e-01     -1.30105e-01
1.13500e-01     -1.27619e-01
1.13750e-01     -1.24902e-01
1.14000e-01     -1.21978e-01
1.14250e-01     -1.18868e-01
1.14500e-01     -1.15572e-01
1.14750e-01     -1.12110e-01
1.15000e-01     -1.08498e-01
1.15250e-01     -1.04753e-01
1.15500e-01     -1.00895e-01
1.15750e-01     -9.69387e-02
1.16000e-01     -9.29006e-02
1.16250e-01     -8.87994e-02
1.16500e-01     -8.46735e-02
1.16750e-01     -8.05261e-02
1.17000e-01     -7.63785e-02
1.17250e-01     -7.22553e-02
1.17500e-01     -6.81837e-02
1.17750e-01     -6.41507e-02
1.18000e-01     -6.02014e-02
1.18250e-01     -5.63579e-02
1.18500e-01     -5.26412e-02
1.18750e-01     -4.90648e-02
1.19000e-01     -4.56263e-02
1.19250e-01     -4.23554e-02
1.19500e-01     -3.92727e-02
1.19750e-01     -3.63915e-02
1.20000e-01     -3.37210e-02
1.20250e-01     -3.12753e-02
1.20500e-01     -2.90632e-02
1.20750e-01     -2.70950e-02
1.21000e-01     -2.53770e-02
1.21250e-01     -2.39294e-02
1.21500e-01     -2.27303e-02
1.21750e-01     -2.17891e-02
1.22000e-01     -2.11216e-02
1.22250e-01     -2.07306e-02
1.22500e-01     -2.06218e-02
1.22750e-01     -2.07641e-02
1.23000e-01     -2.11604e-02
1.23250e-01     -2.18021e-02
1.23500e-01     -2.26868e-02
1.23750e-01     -2.37953e-02
1.24000e-01     -2.51338e-02
1.24250e-01     -2.66743e-02
1.24500e-01     -2.84097e-02
1.24750e-01     -3.03282e-02
1.25000e-01     -3.24164e-02
1.25250e-01     -3.46543e-02
1.25500e-01     -3.70237e-02
1.25750e-01     -3.95102e-02
1.26000e-01     -4.20912e-02
1.26250e-01     -4.47438e-02
1.26500e-01     -4.74711e-02
1.26750e-01     -5.02300e-02
1.27000e-01     -5.30015e-02
1.27250e-01     -5.57712e-02
1.27500e-01     -5.85214e-02
1.27750e-01     -6.12337e-02
1.28000e-01     -6.38902e-02
1.28250e-01     -6.64691e-02
1.28500e-01     -6.89660e-02
1.28750e-01     -7.13566e-02
1.29000e-01     -7.36017e-02
1.29250e-01     -7.57099e-02
1.29500e-01     -7.76671e-02
1.29750e-01     -7.94615e-02
1.30000e-01     -8.10835e-02
1.30250e-01     -8.25366e-02
1.30500e-01     -8.37998e-02
1.30750e-01     -8.48662e-02
1.31000e-01     -8.57336e-02
1.31250e-01     -8.63994e-02
1.31500e-01     -8.68579e-02
1.31750e-01     -8.71181e-02
1.32000e-01     -8.71886e-02
1.32250e-01     -8.70402e-02
1.32500e-01     -8.67208e-02
1.32750e-01     -8.62173e-02
1.33000e-01     -8.55510e-02
1.33250e-01     -8.47415e-02
1.33500e-01     -8.37719e-02
1.33750e-01     -8.26683e-02
1.34000e-01     -8.14545e-02
1.34250e-01     -8.01548e-02
1.34500e-01     -7.87794e-02
1.34750e-01     -7.73302e-02
1.35000e-01     -7.58330e-02
1.35250e-01     -7.43252e-02
1.35500e-01     -7.28349e-02
1.35750e-01     -7.13687e-02
1.36000e-01     -6.99608e-02
1.36250e-01     -6.86206e-02
1.36500e-01     -6.73706e-02
1.36750e-01     -6.62216e-02
1.37000e-01     -6.52077e-02
1.37250e-01     -6.43257e-02
1.37500e-01     -6.36115e-02
1.37750e-01     -6.30873e-02
1.38000e-01     -6.27716e-02
1.38250e-01     -6.26722e-02
1.38500e-01     -6.28019e-02
1.38750e-01     -6.31544e-02
1.39000e-01     -6.37479e-02
1.39250e-01     -6.45958e-02
1.39500e-01     -6.56935e-02
1.39750e-01     -6.70461e-02
1.40000e-01     -6.86541e-02
1.40250e-01     -7.05052e-02
1.40500e-01     -7.25906e-02
1.40750e-01     -7.49014e-02
1.41000e-01     -7.74296e-02
1.41250e-01     -8.01954e-02
1.41500e-01     -8.31410e-02
1.41750e-01     -8.62446e-02
1.42000e-01     -8.95063e-02
1.42250e-01     -9.28993e-02
1.42500e-01     -9.64024e-02
1.42750e-01     -9.99906e-02
1.43000e-01     -1.03649e-01
1.43250e-01     -1.07343e-01
1.43500e-01     -1.11030e-01
1.43750e-01     -1.14677e-01
1.44000e-01     -1.18273e-01
1.44250e-01     -1.21781e-01
1.44500e-01     -1.25186e-01
1.44750e-01     -1.28456e-01
1.45000e-01     -1.31567e-01
1.45250e-01     -1.34480e-01
1.45500e-01     -1.37174e-01
1.45750e-01     -1.39636e-01
1.46000e-01     -1.41840e-01
1.46250e-01     -1.43769e-01
1.46500e-01     -1.45386e-01
1.46750e-01     -1.46695e-01
1.47000e-01     -1.47677e-01
1.47250e-01     -1.48306e-01
1.47500e-01     -1.48579e-01
1.47750e-01     -1.48494e-01
1.48000e-01     -1.48035e-01
1.48250e-01     -1.47204e-01
1.48500e-01     -1.45996e-01
1.48750e-01     -1.44408e-01
1.49000e-01     -1.42437e-01
1.49250e-01     -1.40096e-01
1.49500e-01     -1.37388e-01
1.49750e-01     -1.34312e-01
1.50000e-01     -1.30883e-01
1.50250e-01     -1.27110e-01
1.50500e-01     -1.23009e-01
1.50750e-01     -1.18606e-01
1.51000e-01     -1.13900e-01
1.51250e-01     -1.08911e-01
1.51500e-01     -1.03682e-01
1.51750e-01     -9.81973e-02
1.52000e-01     -9.24891e-02
1.52250e-01     -8.65931e-02
1.52500e-01     -8.05207e-02
1.52750e-01     -7.43038e-02
1.53000e-01     -6.79729e-02
1.53250e-01     -6.15451e-02
1.53500e-01     -5.50579e-02
1.53750e-01     -4.85367e-02
1.54000e-01     -4.20002e-02
1.54250e-01     -3.54777e-02
1.54500e-01     -2.89918e-02
1.54750e-01     -2.25802e-02
1.55000e-01     -1.62685e-02
1.55250e-01     -1.00868e-02
1.55500e-01     -4.05592e-03
1.55750e-01     1.81655e-03
1.56000e-01     7.50676e-03
1.56250e-01     1.29644e-02
1.56500e-01     1.81877e-02
1.56750e-01     2.31643e-02
1.57000e-01     2.78729e-02
1.57250e-01     3.22815e-02
1.57500e-01     3.63899e-02
1.57750e-01     4.01791e-02
1.58000e-01     4.36547e-02
1.58250e-01     4.67820e-02
1.58500e-01     4.95618e-02
1.58750e-01     5.19902e-02
1.59000e-01     5.40677e-02
1.59250e-01     5.57951e-02
1.59500e-01     5.71623e-02
1.59750e-01     5.81757e-02
1.60000e-01     5.88443e-02
1.60250e-01     5.91702e-02
1.60500e-01     5.91579e-02
1.60750e-01     5.88132e-02
