"Drag Convergence"
"Flow Time" "cd"
5.00000e-04     7.72404e-01
1.00000e-03     7.71254e-01
1.50000e-03     7.73938e-01
2.00000e-03     7.75033e-01
2.50000e-03     7.75710e-01
3.00000e-03     7.76551e-01
3.50000e-03     7.77545e-01
4.00000e-03     7.78473e-01
4.50000e-03     7.79176e-01
5.00000e-03     7.79608e-01
5.50000e-03     7.79834e-01
6.00000e-03     7.79968e-01
6.50000e-03     7.80103e-01
7.00000e-03     7.80299e-01
7.50000e-03     7.80584e-01
8.00000e-03     7.80942e-01
8.50000e-03     7.81342e-01
9.00000e-03     7.81749e-01
9.50000e-03     7.82144e-01
1.00000e-02     7.82502e-01
1.05000e-02     7.82809e-01
1.10000e-02     7.83066e-01
1.15000e-02     7.83269e-01
1.20000e-02     7.83431e-01
1.25000e-02     7.83565e-01
1.30000e-02     7.83693e-01
1.35000e-02     7.83848e-01
1.40000e-02     7.84060e-01
1.45000e-02     7.84367e-01
1.50000e-02     7.84791e-01
1.55000e-02     7.85348e-01
1.60000e-02     7.86057e-01
1.65000e-02     7.86910e-01
1.70000e-02     7.87901e-01
1.75000e-02     7.89010e-01
1.80000e-02     7.90214e-01
1.85000e-02     7.91474e-01
1.90000e-02     7.92767e-01
1.95000e-02     7.94053e-01
2.00000e-02     7.95309e-01
2.05000e-02     7.96519e-01
2.10000e-02     7.97662e-01
2.15000e-02     7.98734e-01
2.20000e-02     7.99724e-01
2.25000e-02     8.00642e-01
2.30000e-02     8.01490e-01
2.35000e-02     8.02270e-01
2.40000e-02     8.02993e-01
2.45000e-02     8.03671e-01
2.50000e-02     8.04307e-01
2.55000e-02     8.04907e-01
2.60000e-02     8.05468e-01
2.65000e-02     8.05993e-01
2.70000e-02     8.06481e-01
2.75000e-02     8.06927e-01
2.80000e-02     8.07328e-01
2.85000e-02     8.07677e-01
2.90000e-02     8.07974e-01
2.95000e-02     8.08216e-01
3.00000e-02     8.08398e-01
3.05000e-02     8.08525e-01
3.10000e-02     8.08589e-01
3.15000e-02     8.08592e-01
3.20000e-02     8.08542e-01
3.25000e-02     8.08446e-01
3.30000e-02     8.08305e-01
3.35000e-02     8.08135e-01
3.40000e-02     8.07948e-01
3.45000e-02     8.07751e-01
3.50000e-02     8.07556e-01
3.55000e-02     8.07375e-01
3.60000e-02     8.07221e-01
3.65000e-02     8.07094e-01
3.70000e-02     8.07006e-01
3.75000e-02     8.06968e-01
3.80000e-02     8.06976e-01
3.85000e-02     8.07036e-01
3.90000e-02     8.07148e-01
3.95000e-02     8.07312e-01
4.00000e-02     8.07525e-01
4.05000e-02     8.07783e-01
4.10000e-02     8.08085e-01
4.15000e-02     8.08423e-01
4.20000e-02     8.08795e-01
4.25000e-02     8.09195e-01
4.30000e-02     8.09621e-01
4.35000e-02     8.10065e-01
4.40000e-02     8.10522e-01
4.45000e-02     8.10990e-01
4.50000e-02     8.11466e-01
4.55000e-02     8.11946e-01
4.60000e-02     8.12428e-01
4.65000e-02     8.12907e-01
4.70000e-02     8.13383e-01
4.75000e-02     8.13856e-01
4.80000e-02     8.14318e-01
4.85000e-02     8.14773e-01
4.90000e-02     8.15213e-01
4.95000e-02     8.15632e-01
5.00000e-02     8.16032e-01
5.05000e-02     8.16398e-01
5.10000e-02     8.16729e-01
5.15000e-02     8.17025e-01
5.20000e-02     8.17282e-01
5.25000e-02     8.17497e-01
5.30000e-02     8.17669e-01
5.35000e-02     8.17798e-01
5.40000e-02     8.17888e-01
5.45000e-02     8.17936e-01
5.50000e-02     8.17949e-01
5.55000e-02     8.17932e-01
5.60000e-02     8.17887e-01
5.65000e-02     8.17817e-01
5.70000e-02     8.17734e-01
5.75000e-02     8.17643e-01
5.80000e-02     8.17550e-01
5.85000e-02     8.17460e-01
5.90000e-02     8.17385e-01
5.95000e-02     8.17333e-01
6.00000e-02     8.17310e-01
6.05000e-02     8.17321e-01
6.10000e-02     8.17374e-01
6.15000e-02     8.17454e-01
6.20000e-02     8.17577e-01
6.25000e-02     8.17739e-01
6.30000e-02     8.17936e-01
6.35000e-02     8.18164e-01
6.40000e-02     8.18418e-01
6.45000e-02     8.18693e-01
6.50000e-02     8.18978e-01
6.55000e-02     8.19271e-01
6.60000e-02     8.19563e-01
6.65000e-02     8.19844e-01
6.70000e-02     8.20116e-01
6.75000e-02     8.20366e-01
6.80000e-02     8.20591e-01
6.85000e-02     8.20790e-01
6.90000e-02     8.20956e-01
6.95000e-02     8.21092e-01
7.00000e-02     8.21196e-01
7.05000e-02     8.21267e-01
7.10000e-02     8.21311e-01
7.15000e-02     8.21328e-01
7.20000e-02     8.21319e-01
7.25000e-02     8.21285e-01
7.30000e-02     8.21236e-01
7.35000e-02     8.21176e-01
7.40000e-02     8.21108e-01
7.45000e-02     8.21034e-01
7.50000e-02     8.20961e-01
7.55000e-02     8.20893e-01
7.60000e-02     8.20833e-01
7.65000e-02     8.20785e-01
7.70000e-02     8.20750e-01
7.75000e-02     8.20734e-01
7.80000e-02     8.20744e-01
7.85000e-02     8.20777e-01
7.90000e-02     8.20835e-01
7.95000e-02     8.20922e-01
8.00000e-02     8.21039e-01
8.05000e-02     8.21184e-01
8.10000e-02     8.21360e-01
8.15000e-02     8.21561e-01
8.20000e-02     8.21789e-01
8.25000e-02     8.22041e-01
8.30000e-02     8.22315e-01
8.35000e-02     8.22608e-01
8.40000e-02     8.22915e-01
8.45000e-02     8.23234e-01
8.50000e-02     8.23557e-01
8.55000e-02     8.23883e-01
8.60000e-02     8.24205e-01
8.65000e-02     8.24520e-01
8.70000e-02     8.24818e-01
8.75000e-02     8.25097e-01
8.80000e-02     8.25349e-01
8.85000e-02     8.25570e-01
8.90000e-02     8.25753e-01
8.95000e-02     8.25897e-01
9.00000e-02     8.25998e-01
9.05000e-02     8.26055e-01
9.10000e-02     8.26066e-01
9.15000e-02     8.26034e-01
9.20000e-02     8.25949e-01
9.25000e-02     8.25814e-01
9.30000e-02     8.25629e-01
9.35000e-02     8.25397e-01
9.40000e-02     8.25122e-01
9.45000e-02     8.24799e-01
9.50000e-02     8.24438e-01
9.55000e-02     8.24038e-01
9.60000e-02     8.23609e-01
9.65000e-02     8.23156e-01
9.70000e-02     8.22689e-01
9.75000e-02     8.22205e-01
9.80000e-02     8.21716e-01
9.85000e-02     8.21227e-01
9.90000e-02     8.20741e-01
9.95000e-02     8.20264e-01
1.00000e-01     8.19804e-01
1.00500e-01     8.19365e-01
1.01000e-01     8.18947e-01
1.01500e-01     8.18560e-01
1.02000e-01     8.18207e-01
1.02500e-01     8.17886e-01
1.03000e-01     8.17603e-01
1.03500e-01     8.17357e-01
1.04000e-01     8.17152e-01
1.04500e-01     8.16990e-01
1.05000e-01     8.16869e-01
1.05500e-01     8.16796e-01
1.06000e-01     8.16771e-01
1.06500e-01     8.16795e-01
1.07000e-01     8.16867e-01
1.07500e-01     8.16987e-01
1.08000e-01     8.17155e-01
1.08500e-01     8.17373e-01
1.09000e-01     8.17636e-01
1.09500e-01     8.17943e-01
1.10000e-01     8.18292e-01
1.10500e-01     8.18679e-01
1.11000e-01     8.19100e-01
1.11500e-01     8.19551e-01
1.12000e-01     8.20029e-01
1.12500e-01     8.20531e-01
1.13000e-01     8.21051e-01
1.13500e-01     8.21581e-01
1.14000e-01     8.22118e-01
1.14500e-01     8.22656e-01
1.15000e-01     8.23191e-01
1.15500e-01     8.23718e-01
1.16000e-01     8.24230e-01
1.16500e-01     8.24723e-01
1.17000e-01     8.25193e-01
1.17500e-01     8.25638e-01
1.18000e-01     8.26055e-01
1.18500e-01     8.26440e-01
1.19000e-01     8.26792e-01
1.19500e-01     8.27111e-01
1.20000e-01     8.27394e-01
1.20500e-01     8.27641e-01
1.21000e-01     8.27854e-01
1.21500e-01     8.28033e-01
1.22000e-01     8.28178e-01
1.22500e-01     8.28293e-01
1.23000e-01     8.28381e-01
1.23500e-01     8.28440e-01
1.24000e-01     8.28477e-01
1.24500e-01     8.28491e-01
1.25000e-01     8.28486e-01
1.25500e-01     8.28462e-01
1.26000e-01     8.28422e-01
1.26500e-01     8.28365e-01
1.27000e-01     8.28292e-01
1.27500e-01     8.28204e-01
1.28000e-01     8.28102e-01
1.28500e-01     8.27980e-01
1.29000e-01     8.27841e-01
1.29500e-01     8.27684e-01
1.30000e-01     8.27508e-01
1.30500e-01     8.27311e-01
1.31000e-01     8.27090e-01
1.31500e-01     8.26844e-01
1.32000e-01     8.26575e-01
1.32500e-01     8.26281e-01
1.33000e-01     8.25964e-01
1.33500e-01     8.25621e-01
1.34000e-01     8.25257e-01
1.34500e-01     8.24873e-01
1.35000e-01     8.24469e-01
1.35500e-01     8.24050e-01
1.36000e-01     8.23618e-01
1.36500e-01     8.23177e-01
1.37000e-01     8.22732e-01
1.37500e-01     8.22285e-01
1.38000e-01     8.21843e-01
1.38500e-01     8.21410e-01
1.39000e-01     8.20984e-01
1.39500e-01     8.20573e-01
1.40000e-01     8.20175e-01
1.40500e-01     8.19796e-01
1.41000e-01     8.19433e-01
1.41500e-01     8.19091e-01
1.42000e-01     8.18765e-01
1.42500e-01     8.18458e-01
1.43000e-01     8.18175e-01
1.43500e-01     8.17914e-01
1.44000e-01     8.17678e-01
1.44500e-01     8.17466e-01
1.45000e-01     8.17279e-01
1.45500e-01     8.17121e-01
1.46000e-01     8.16991e-01
1.46500e-01     8.16899e-01
1.47000e-01     8.16842e-01
1.47500e-01     8.16824e-01
1.48000e-01     8.16850e-01
1.48500e-01     8.16922e-01
1.49000e-01     8.17045e-01
1.49500e-01     8.17220e-01
1.50000e-01     8.17451e-01
1.50500e-01     8.17736e-01
1.51000e-01     8.18075e-01
1.51500e-01     8.18470e-01
1.52000e-01     8.18921e-01
1.52500e-01     8.19427e-01
1.53000e-01     8.19985e-01
1.53500e-01     8.20590e-01
1.54000e-01     8.21240e-01
1.54500e-01     8.21924e-01
1.55000e-01     8.22640e-01
1.55500e-01     8.23380e-01
1.56000e-01     8.24135e-01
1.56500e-01     8.24897e-01
1.57000e-01     8.25657e-01
1.57500e-01     8.26412e-01
1.58000e-01     8.27144e-01
1.58500e-01     8.27850e-01
1.59000e-01     8.28521e-01
1.59500e-01     8.29149e-01
1.60000e-01     8.29726e-01
1.60500e-01     8.30246e-01
1.61000e-01     8.30701e-01
1.61500e-01     8.31084e-01
1.62000e-01     8.31396e-01
1.62500e-01     8.31632e-01
1.63000e-01     8.31791e-01
1.63500e-01     8.31869e-01
1.64000e-01     8.31865e-01
1.64500e-01     8.31784e-01
1.65000e-01     8.31622e-01
1.65500e-01     8.31385e-01
1.66000e-01     8.31071e-01
1.66500e-01     8.30691e-01
1.67000e-01     8.30247e-01
1.67500e-01     8.29747e-01
1.68000e-01     8.29194e-01
1.68500e-01     8.28600e-01
1.69000e-01     8.27968e-01
1.69500e-01     8.27307e-01
1.70000e-01     8.26626e-01
1.70500e-01     8.25935e-01
1.71000e-01     8.25243e-01
1.71500e-01     8.24557e-01
1.72000e-01     8.23883e-01
1.72500e-01     8.23223e-01
1.73000e-01     8.22587e-01
1.73500e-01     8.21975e-01
1.74000e-01     8.21393e-01
1.74500e-01     8.20841e-01
1.75000e-01     8.20321e-01
1.75500e-01     8.19830e-01
1.76000e-01     8.19365e-01
1.76500e-01     8.18922e-01
1.77000e-01     8.18503e-01
1.77500e-01     8.18098e-01
1.78000e-01     8.17706e-01
1.78500e-01     8.17321e-01
1.79000e-01     8.16940e-01
1.79500e-01     8.16560e-01
1.80000e-01     8.16180e-01
1.80500e-01     8.15798e-01
1.81000e-01     8.15415e-01
1.81500e-01     8.15033e-01
1.82000e-01     8.14650e-01
1.82500e-01     8.14268e-01
1.83000e-01     8.13891e-01
1.83500e-01     8.13524e-01
1.84000e-01     8.13172e-01
1.84500e-01     8.12840e-01
1.85000e-01     8.12535e-01
1.85500e-01     8.12261e-01
1.86000e-01     8.12025e-01
1.86500e-01     8.11832e-01
1.87000e-01     8.11686e-01
1.87500e-01     8.11591e-01
1.88000e-01     8.11554e-01
1.88500e-01     8.11575e-01
1.89000e-01     8.11659e-01
1.89500e-01     8.11798e-01
1.90000e-01     8.11998e-01
1.90500e-01     8.12257e-01
1.91000e-01     8.12571e-01
1.91500e-01     8.12937e-01
1.92000e-01     8.13351e-01
1.92500e-01     8.13807e-01
1.93000e-01     8.14298e-01
1.93500e-01     8.14816e-01
1.94000e-01     8.15356e-01
1.94500e-01     8.15913e-01
1.95000e-01     8.16479e-01
1.95500e-01     8.17044e-01
1.96000e-01     8.17604e-01
1.96500e-01     8.18153e-01
1.97000e-01     8.18681e-01
1.97500e-01     8.19183e-01
1.98000e-01     8.19651e-01
1.98500e-01     8.20081e-01
1.99000e-01     8.20468e-01
1.99500e-01     8.20809e-01
2.00000e-01     8.21101e-01
2.00500e-01     8.21342e-01
2.01000e-01     8.21530e-01
2.01500e-01     8.21664e-01
2.02000e-01     8.21747e-01
2.02500e-01     8.21779e-01
2.03000e-01     8.21763e-01
2.03500e-01     8.21701e-01
2.04000e-01     8.21598e-01
2.04500e-01     8.21456e-01
2.05000e-01     8.21283e-01
2.05500e-01     8.21081e-01
2.06000e-01     8.20857e-01
2.06500e-01     8.20617e-01
2.07000e-01     8.20367e-01
2.07500e-01     8.20113e-01
2.08000e-01     8.19859e-01
2.08500e-01     8.19614e-01
2.09000e-01     8.19383e-01
2.09500e-01     8.19172e-01
2.10000e-01     8.18982e-01
2.10500e-01     8.18818e-01
2.11000e-01     8.18683e-01
2.11500e-01     8.18577e-01
2.12000e-01     8.18502e-01
2.12500e-01     8.18454e-01
2.13000e-01     8.18432e-01
2.13500e-01     8.18432e-01
2.14000e-01     8.18449e-01
2.14500e-01     8.18484e-01
2.15000e-01     8.18528e-01
2.15500e-01     8.18575e-01
2.16000e-01     8.18623e-01
2.16500e-01     8.18665e-01
2.17000e-01     8.18700e-01
2.17500e-01     8.18726e-01
2.18000e-01     8.18737e-01
2.18500e-01     8.18733e-01
2.19000e-01     8.18711e-01
2.19500e-01     8.18673e-01
2.20000e-01     8.18625e-01
2.20500e-01     8.18564e-01
2.21000e-01     8.18494e-01
2.21500e-01     8.18416e-01
2.22000e-01     8.18338e-01
2.22500e-01     8.18265e-01
2.23000e-01     8.18201e-01
2.23500e-01     8.18152e-01
2.24000e-01     8.18122e-01
2.24500e-01     8.18118e-01
2.25000e-01     8.18146e-01
2.25500e-01     8.18207e-01
2.26000e-01     8.18307e-01
2.26500e-01     8.18448e-01
2.27000e-01     8.18636e-01
2.27500e-01     8.18868e-01
2.28000e-01     8.19148e-01
2.28500e-01     8.19471e-01
2.29000e-01     8.19842e-01
2.29500e-01     8.20256e-01
2.30000e-01     8.20711e-01
2.30500e-01     8.21200e-01
2.31000e-01     8.21720e-01
2.31500e-01     8.22265e-01
2.32000e-01     8.22831e-01
2.32500e-01     8.23409e-01
2.33000e-01     8.23991e-01
2.33500e-01     8.24572e-01
2.34000e-01     8.25142e-01
2.34500e-01     8.25695e-01
2.35000e-01     8.26223e-01
2.35500e-01     8.26721e-01
2.36000e-01     8.27181e-01
2.36500e-01     8.27598e-01
2.37000e-01     8.27967e-01
2.37500e-01     8.28280e-01
2.38000e-01     8.28535e-01
2.38500e-01     8.28724e-01
2.39000e-01     8.28854e-01
2.39500e-01     8.28918e-01
2.40000e-01     8.28916e-01
2.40500e-01     8.28849e-01
2.41000e-01     8.28721e-01
2.41500e-01     8.28538e-01
2.42000e-01     8.28300e-01
2.42500e-01     8.28015e-01
2.43000e-01     8.27691e-01
2.43500e-01     8.27328e-01
2.44000e-01     8.26940e-01
2.44500e-01     8.26533e-01
2.45000e-01     8.26113e-01
2.45500e-01     8.25685e-01
2.46000e-01     8.25257e-01
2.46500e-01     8.24829e-01
2.47000e-01     8.24410e-01
2.47500e-01     8.24004e-01
2.48000e-01     8.23610e-01
2.48500e-01     8.23230e-01
2.49000e-01     8.22862e-01
2.49500e-01     8.22507e-01
2.50000e-01     8.22166e-01
2.50500e-01     8.21833e-01
2.51000e-01     8.21509e-01
2.51500e-01     8.21190e-01
2.52000e-01     8.20876e-01
2.52500e-01     8.20565e-01
2.53000e-01     8.20256e-01
2.53500e-01     8.19945e-01
2.54000e-01     8.19632e-01
2.54500e-01     8.19319e-01
2.55000e-01     8.19002e-01
2.55500e-01     8.18687e-01
2.56000e-01     8.18370e-01
2.56500e-01     8.18057e-01
2.57000e-01     8.17750e-01
2.57500e-01     8.17454e-01
2.58000e-01     8.17170e-01
2.58500e-01     8.16901e-01
2.59000e-01     8.16656e-01
2.59500e-01     8.16435e-01
2.60000e-01     8.16244e-01
2.60500e-01     8.16085e-01
2.61000e-01     8.15962e-01
2.61500e-01     8.15879e-01
2.62000e-01     8.15838e-01
2.62500e-01     8.15841e-01
2.63000e-01     8.15893e-01
2.63500e-01     8.15996e-01
2.64000e-01     8.16146e-01
2.64500e-01     8.16346e-01
2.65000e-01     8.16596e-01
2.65500e-01     8.16890e-01
2.66000e-01     8.17229e-01
2.66500e-01     8.17611e-01
2.67000e-01     8.18031e-01
2.67500e-01     8.18485e-01
2.68000e-01     8.18969e-01
2.68500e-01     8.19478e-01
2.69000e-01     8.20007e-01
2.69500e-01     8.20549e-01
2.70000e-01     8.21098e-01
2.70500e-01     8.21649e-01
2.71000e-01     8.22198e-01
2.71500e-01     8.22733e-01
2.72000e-01     8.23250e-01
2.72500e-01     8.23745e-01
2.73000e-01     8.24211e-01
2.73500e-01     8.24642e-01
2.74000e-01     8.25035e-01
2.74500e-01     8.25383e-01
2.75000e-01     8.25686e-01
2.75500e-01     8.25939e-01
2.76000e-01     8.26140e-01
2.76500e-01     8.26287e-01
2.77000e-01     8.26381e-01
2.77500e-01     8.26423e-01
2.78000e-01     8.26415e-01
2.78500e-01     8.26359e-01
2.79000e-01     8.26259e-01
2.79500e-01     8.26120e-01
2.80000e-01     8.25945e-01
2.80500e-01     8.25745e-01
2.81000e-01     8.25521e-01
2.81500e-01     8.25284e-01
2.82000e-01     8.25035e-01
2.82500e-01     8.24784e-01
2.83000e-01     8.24534e-01
2.83500e-01     8.24292e-01
2.84000e-01     8.24058e-01
2.84500e-01     8.23837e-01
2.85000e-01     8.23627e-01
2.85500e-01     8.23432e-01
2.86000e-01     8.23250e-01
2.86500e-01     8.23082e-01
2.87000e-01     8.22927e-01
2.87500e-01     8.22784e-01
2.88000e-01     8.22650e-01
2.88500e-01     8.22523e-01
2.89000e-01     8.22400e-01
2.89500e-01     8.22280e-01
2.90000e-01     8.22159e-01
2.90500e-01     8.22037e-01
2.91000e-01     8.21911e-01
2.91500e-01     8.21782e-01
2.92000e-01     8.21649e-01
2.92500e-01     8.21514e-01
2.93000e-01     8.21374e-01
2.93500e-01     8.21234e-01
2.94000e-01     8.21096e-01
2.94500e-01     8.20960e-01
2.95000e-01     8.20831e-01
2.95500e-01     8.20710e-01
2.96000e-01     8.20600e-01
2.96500e-01     8.20509e-01
2.97000e-01     8.20435e-01
2.97500e-01     8.20385e-01
2.98000e-01     8.20364e-01
2.98500e-01     8.20372e-01
2.99000e-01     8.20412e-01
2.99500e-01     8.20490e-01
3.00000e-01     8.20606e-01
3.00500e-01     8.20764e-01
3.01000e-01     8.20962e-01
3.01500e-01     8.21201e-01
3.02000e-01     8.21481e-01
3.02500e-01     8.21803e-01
3.03000e-01     8.22160e-01
3.03500e-01     8.22553e-01
3.04000e-01     8.22975e-01
3.04500e-01     8.23423e-01
3.05000e-01     8.23893e-01
3.05500e-01     8.24377e-01
3.06000e-01     8.24870e-01
3.06500e-01     8.25369e-01
3.07000e-01     8.25862e-01
3.07500e-01     8.26344e-01
3.08000e-01     8.26810e-01
3.08500e-01     8.27252e-01
3.09000e-01     8.27661e-01
3.09500e-01     8.28034e-01
3.10000e-01     8.28361e-01
3.10500e-01     8.28643e-01
3.11000e-01     8.28871e-01
3.11500e-01     8.29043e-01
3.12000e-01     8.29157e-01
3.12500e-01     8.29212e-01
3.13000e-01     8.29210e-01
3.13500e-01     8.29152e-01
3.14000e-01     8.29038e-01
3.14500e-01     8.28874e-01
3.15000e-01     8.28663e-01
3.15500e-01     8.28412e-01
3.16000e-01     8.28124e-01
3.16500e-01     8.27808e-01
3.17000e-01     8.27467e-01
3.17500e-01     8.27106e-01
3.18000e-01     8.26729e-01
3.18500e-01     8.26340e-01
3.19000e-01     8.25942e-01
3.19500e-01     8.25540e-01
3.20000e-01     8.25137e-01
3.20500e-01     8.24735e-01
3.21000e-01     8.24332e-01
3.21500e-01     8.23933e-01
3.22000e-01     8.23537e-01
3.22500e-01     8.23141e-01
3.23000e-01     8.22750e-01
3.23500e-01     8.22362e-01
3.24000e-01     8.21975e-01
3.24500e-01     8.21591e-01
3.25000e-01     8.21211e-01
3.25500e-01     8.20834e-01
3.26000e-01     8.20461e-01
3.26500e-01     8.20092e-01
3.27000e-01     8.19730e-01
3.27500e-01     8.19374e-01
3.28000e-01     8.19030e-01
3.28500e-01     8.18695e-01
3.29000e-01     8.18374e-01
3.29500e-01     8.18067e-01
3.30000e-01     8.17777e-01
3.30500e-01     8.17507e-01
3.31000e-01     8.17260e-01
3.31500e-01     8.17039e-01
3.32000e-01     8.16846e-01
3.32500e-01     8.16683e-01
3.33000e-01     8.16550e-01
3.33500e-01     8.16453e-01
3.34000e-01     8.16392e-01
3.34500e-01     8.16369e-01
3.35000e-01     8.16386e-01
3.35500e-01     8.16446e-01
3.36000e-01     8.16546e-01
3.36500e-01     8.16689e-01
3.37000e-01     8.16874e-01
3.37500e-01     8.17098e-01
3.38000e-01     8.17360e-01
3.38500e-01     8.17658e-01
3.39000e-01     8.17993e-01
3.39500e-01     8.18361e-01
3.40000e-01     8.18756e-01
3.40500e-01     8.19174e-01
3.41000e-01     8.19612e-01
3.41500e-01     8.20066e-01
3.42000e-01     8.20531e-01
3.42500e-01     8.21002e-01
3.43000e-01     8.21473e-01
3.43500e-01     8.21939e-01
3.44000e-01     8.22394e-01
3.44500e-01     8.22831e-01
3.45000e-01     8.23246e-01
3.45500e-01     8.23633e-01
3.46000e-01     8.23988e-01
3.46500e-01     8.24307e-01
3.47000e-01     8.24585e-01
3.47500e-01     8.24818e-01
3.48000e-01     8.25007e-01
3.48500e-01     8.25148e-01
3.49000e-01     8.25241e-01
3.49500e-01     8.25289e-01
3.50000e-01     8.25294e-01
3.50500e-01     8.25258e-01
3.51000e-01     8.25185e-01
3.51500e-01     8.25076e-01
3.52000e-01     8.24942e-01
3.52500e-01     8.24785e-01
3.53000e-01     8.24609e-01
3.53500e-01     8.24419e-01
3.54000e-01     8.24220e-01
3.54500e-01     8.24014e-01
3.55000e-01     8.23806e-01
3.55500e-01     8.23597e-01
3.56000e-01     8.23390e-01
3.56500e-01     8.23186e-01
3.57000e-01     8.22985e-01
3.57500e-01     8.22791e-01
3.58000e-01     8.22602e-01
3.58500e-01     8.22417e-01
3.59000e-01     8.22237e-01
3.59500e-01     8.22060e-01
3.60000e-01     8.21887e-01
3.60500e-01     8.21712e-01
3.61000e-01     8.21540e-01
3.61500e-01     8.21371e-01
3.62000e-01     8.21202e-01
3.62500e-01     8.21035e-01
3.63000e-01     8.20870e-01
3.63500e-01     8.20705e-01
3.64000e-01     8.20543e-01
3.64500e-01     8.20386e-01
3.65000e-01     8.20234e-01
3.65500e-01     8.20091e-01
3.66000e-01     8.19956e-01
3.66500e-01     8.19832e-01
3.67000e-01     8.19722e-01
3.67500e-01     8.19629e-01
3.68000e-01     8.19552e-01
3.68500e-01     8.19499e-01
3.69000e-01     8.19467e-01
3.69500e-01     8.19464e-01
3.70000e-01     8.19489e-01
3.70500e-01     8.19544e-01
3.71000e-01     8.19633e-01
3.71500e-01     8.19756e-01
3.72000e-01     8.19913e-01
3.72500e-01     8.20106e-01
3.73000e-01     8.20336e-01
3.73500e-01     8.20601e-01
3.74000e-01     8.20899e-01
3.74500e-01     8.21226e-01
3.75000e-01     8.21583e-01
3.75500e-01     8.21967e-01
3.76000e-01     8.22374e-01
3.76500e-01     8.22799e-01
3.77000e-01     8.23240e-01
3.77500e-01     8.23690e-01
3.78000e-01     8.24144e-01
3.78500e-01     8.24596e-01
3.79000e-01     8.25040e-01
3.79500e-01     8.25472e-01
3.80000e-01     8.25883e-01
3.80500e-01     8.26268e-01
3.81000e-01     8.26625e-01
3.81500e-01     8.26945e-01
3.82000e-01     8.27227e-01
3.82500e-01     8.27467e-01
3.83000e-01     8.27662e-01
3.83500e-01     8.27809e-01
3.84000e-01     8.27908e-01
3.84500e-01     8.27961e-01
3.85000e-01     8.27970e-01
3.85500e-01     8.27937e-01
3.86000e-01     8.27865e-01
3.86500e-01     8.27756e-01
3.87000e-01     8.27612e-01
3.87500e-01     8.27436e-01
3.88000e-01     8.27232e-01
3.88500e-01     8.27004e-01
3.89000e-01     8.26751e-01
3.89500e-01     8.26480e-01
3.90000e-01     8.26191e-01
3.90500e-01     8.25886e-01
3.91000e-01     8.25568e-01
3.91500e-01     8.25236e-01
3.92000e-01     8.24893e-01
3.92500e-01     8.24538e-01
3.93000e-01     8.24175e-01
3.93500e-01     8.23804e-01
3.94000e-01     8.23427e-01
3.94500e-01     8.23045e-01
3.95000e-01     8.22659e-01
3.95500e-01     8.22271e-01
3.96000e-01     8.21882e-01
3.96500e-01     8.21495e-01
3.97000e-01     8.21111e-01
3.97500e-01     8.20735e-01
3.98000e-01     8.20366e-01
3.98500e-01     8.20010e-01
3.99000e-01     8.19664e-01
3.99500e-01     8.19335e-01
4.00000e-01     8.19021e-01
4.00500e-01     8.18725e-01
4.01000e-01     8.18452e-01
4.01500e-01     8.18204e-01
4.02000e-01     8.17979e-01
4.02500e-01     8.17782e-01
4.03000e-01     8.17615e-01
4.03500e-01     8.17477e-01
4.04000e-01     8.17372e-01
4.04500e-01     8.17299e-01
4.05000e-01     8.17259e-01
4.05500e-01     8.17255e-01
4.06000e-01     8.17289e-01
4.06500e-01     8.17359e-01
4.07000e-01     8.17467e-01
4.07500e-01     8.17610e-01
4.08000e-01     8.17787e-01
4.08500e-01     8.17997e-01
4.09000e-01     8.18240e-01
4.09500e-01     8.18514e-01
4.10000e-01     8.18817e-01
4.10500e-01     8.19147e-01
4.11000e-01     8.19502e-01
4.11500e-01     8.19875e-01
4.12000e-01     8.20265e-01
4.12500e-01     8.20668e-01
4.13000e-01     8.21079e-01
4.13500e-01     8.21495e-01
4.14000e-01     8.21912e-01
4.14500e-01     8.22324e-01
4.15000e-01     8.22727e-01
4.15500e-01     8.23115e-01
4.16000e-01     8.23484e-01
4.16500e-01     8.23828e-01
4.17000e-01     8.24144e-01
4.17500e-01     8.24428e-01
4.18000e-01     8.24676e-01
4.18500e-01     8.24888e-01
4.19000e-01     8.25062e-01
4.19500e-01     8.25198e-01
4.20000e-01     8.25296e-01
4.20500e-01     8.25356e-01
4.21000e-01     8.25383e-01
4.21500e-01     8.25377e-01
4.22000e-01     8.25345e-01
4.22500e-01     8.25288e-01
4.23000e-01     8.25208e-01
4.23500e-01     8.25108e-01
4.24000e-01     8.24994e-01
4.24500e-01     8.24864e-01
4.25000e-01     8.24725e-01
4.25500e-01     8.24578e-01
4.26000e-01     8.24424e-01
4.26500e-01     8.24263e-01
4.27000e-01     8.24099e-01
4.27500e-01     8.23931e-01
4.28000e-01     8.23760e-01
4.28500e-01     8.23584e-01
4.29000e-01     8.23404e-01
4.29500e-01     8.23221e-01
4.30000e-01     8.23036e-01
4.30500e-01     8.22848e-01
4.31000e-01     8.22655e-01
4.31500e-01     8.22461e-01
4.32000e-01     8.22268e-01
4.32500e-01     8.22074e-01
4.33000e-01     8.21880e-01
4.33500e-01     8.21688e-01
4.34000e-01     8.21499e-01
4.34500e-01     8.21315e-01
4.35000e-01     8.21137e-01
4.35500e-01     8.20967e-01
4.36000e-01     8.20808e-01
4.36500e-01     8.20659e-01
4.37000e-01     8.20524e-01
4.37500e-01     8.20405e-01
4.38000e-01     8.20304e-01
4.38500e-01     8.20223e-01
4.39000e-01     8.20165e-01
4.39500e-01     8.20132e-01
4.40000e-01     8.20125e-01
4.40500e-01     8.20144e-01
4.41000e-01     8.20193e-01
4.41500e-01     8.20272e-01
4.42000e-01     8.20382e-01
4.42500e-01     8.20526e-01
4.43000e-01     8.20700e-01
4.43500e-01     8.20907e-01
4.44000e-01     8.21145e-01
4.44500e-01     8.21411e-01
4.45000e-01     8.21704e-01
4.45500e-01     8.22024e-01
4.46000e-01     8.22367e-01
4.46500e-01     8.22731e-01
4.47000e-01     8.23114e-01
4.47500e-01     8.23510e-01
4.48000e-01     8.23913e-01
4.48500e-01     8.24322e-01
4.49000e-01     8.24730e-01
4.49500e-01     8.25131e-01
4.50000e-01     8.25523e-01
4.50500e-01     8.25899e-01
4.51000e-01     8.26252e-01
4.51500e-01     8.26583e-01
4.52000e-01     8.26884e-01
4.52500e-01     8.27157e-01
4.53000e-01     8.27392e-01
4.53500e-01     8.27589e-01
4.54000e-01     8.27751e-01
4.54500e-01     8.27876e-01
4.55000e-01     8.27964e-01
4.55500e-01     8.28016e-01
4.56000e-01     8.28034e-01
4.56500e-01     8.28017e-01
4.57000e-01     8.27969e-01
4.57500e-01     8.27890e-01
4.58000e-01     8.27782e-01
4.58500e-01     8.27648e-01
4.59000e-01     8.27487e-01
4.59500e-01     8.27300e-01
4.60000e-01     8.27089e-01
4.60500e-01     8.26857e-01
4.61000e-01     8.26602e-01
4.61500e-01     8.26326e-01
4.62000e-01     8.26030e-01
4.62500e-01     8.25716e-01
4.63000e-01     8.25384e-01
4.63500e-01     8.25036e-01
4.64000e-01     8.24674e-01
4.64500e-01     8.24301e-01
4.65000e-01     8.23917e-01
4.65500e-01     8.23525e-01
4.66000e-01     8.23129e-01
4.66500e-01     8.22731e-01
4.67000e-01     8.22333e-01
4.67500e-01     8.21938e-01
4.68000e-01     8.21552e-01
4.68500e-01     8.21174e-01
4.69000e-01     8.20807e-01
4.69500e-01     8.20454e-01
4.70000e-01     8.20118e-01
4.70500e-01     8.19802e-01
4.71000e-01     8.19508e-01
4.71500e-01     8.19237e-01
4.72000e-01     8.18994e-01
4.72500e-01     8.18777e-01
4.73000e-01     8.18589e-01
4.73500e-01     8.18431e-01
4.74000e-01     8.18304e-01
4.74500e-01     8.18209e-01
4.75000e-01     8.18146e-01
4.75500e-01     8.18118e-01
4.76000e-01     8.18126e-01
4.76500e-01     8.18168e-01
4.77000e-01     8.18242e-01
4.77500e-01     8.18349e-01
4.78000e-01     8.18488e-01
4.78500e-01     8.18660e-01
4.79000e-01     8.18859e-01
4.79500e-01     8.19087e-01
4.80000e-01     8.19341e-01
4.80500e-01     8.19620e-01
4.81000e-01     8.19921e-01
4.81500e-01     8.20242e-01
4.82000e-01     8.20578e-01
4.82500e-01     8.20925e-01
4.83000e-01     8.21281e-01
4.83500e-01     8.21643e-01
4.84000e-01     8.22006e-01
4.84500e-01     8.22366e-01
4.85000e-01     8.22719e-01
4.85500e-01     8.23059e-01
4.86000e-01     8.23383e-01
4.86500e-01     8.23688e-01
4.87000e-01     8.23968e-01
4.87500e-01     8.24221e-01
4.88000e-01     8.24447e-01
4.88500e-01     8.24639e-01
4.89000e-01     8.24800e-01
4.89500e-01     8.24928e-01
4.90000e-01     8.25024e-01
4.90500e-01     8.25093e-01
4.91000e-01     8.25133e-01
4.91500e-01     8.25147e-01
4.92000e-01     8.25139e-01
4.92500e-01     8.25108e-01
4.93000e-01     8.25059e-01
4.93500e-01     8.24990e-01
4.94000e-01     8.24909e-01
