"Moment Convergence"
"Flow Time" "cm"
5.00000e-04     -1.84373e-02
1.00000e-03     -1.72662e-02
1.50000e-03     -1.73558e-02
2.00000e-03     -1.74917e-02
2.50000e-03     -1.75397e-02
3.00000e-03     -1.75039e-02
3.50000e-03     -1.74058e-02
4.00000e-03     -1.72516e-02
4.50000e-03     -1.70524e-02
5.00000e-03     -1.68190e-02
5.50000e-03     -1.65623e-02
6.00000e-03     -1.62907e-02
6.50000e-03     -1.60082e-02
7.00000e-03     -1.57271e-02
7.50000e-03     -1.54584e-02
8.00000e-03     -1.52060e-02
8.50000e-03     -1.49777e-02
9.00000e-03     -1.47686e-02
9.50000e-03     -1.45760e-02
1.00000e-02     -1.43799e-02
1.05000e-02     -1.41720e-02
1.10000e-02     -1.39439e-02
1.15000e-02     -1.36865e-02
1.20000e-02     -1.33958e-02
1.25000e-02     -1.30699e-02
1.30000e-02     -1.27064e-02
1.35000e-02     -1.23027e-02
1.40000e-02     -1.18592e-02
1.45000e-02     -1.13747e-02
1.50000e-02     -1.08445e-02
1.55000e-02     -1.02694e-02
1.60000e-02     -9.64697e-03
1.65000e-02     -8.97667e-03
1.70000e-02     -8.25483e-03
1.75000e-02     -7.48193e-03
1.80000e-02     -6.66098e-03
1.85000e-02     -5.79293e-03
1.90000e-02     -4.88103e-03
1.95000e-02     -3.93191e-03
2.00000e-02     -2.95135e-03
2.05000e-02     -1.93869e-03
2.10000e-02     -9.11265e-04
2.15000e-02     1.32751e-04
2.20000e-02     1.18676e-03
2.25000e-02     2.24219e-03
2.30000e-02     3.29112e-03
2.35000e-02     4.32885e-03
2.40000e-02     5.35090e-03
2.45000e-02     6.34789e-03
2.50000e-02     7.31447e-03
2.55000e-02     8.24613e-03
2.60000e-02     9.13818e-03
2.65000e-02     9.98632e-03
2.70000e-02     1.07927e-02
2.75000e-02     1.15501e-02
2.80000e-02     1.22623e-02
2.85000e-02     1.29313e-02
2.90000e-02     1.35577e-02
2.95000e-02     1.41409e-02
3.00000e-02     1.46852e-02
3.05000e-02     1.51942e-02
3.10000e-02     1.56710e-02
3.15000e-02     1.61169e-02
3.20000e-02     1.65326e-02
3.25000e-02     1.69208e-02
3.30000e-02     1.72866e-02
3.35000e-02     1.76295e-02
3.40000e-02     1.79506e-02
3.45000e-02     1.82524e-02
3.50000e-02     1.85365e-02
3.55000e-02     1.88040e-02
3.60000e-02     1.90549e-02
3.65000e-02     1.92892e-02
3.70000e-02     1.95048e-02
3.75000e-02     1.97058e-02
3.80000e-02     1.98901e-02
3.85000e-02     2.00567e-02
3.90000e-02     2.02087e-02
3.95000e-02     2.03402e-02
4.00000e-02     2.04544e-02
4.05000e-02     2.05501e-02
4.10000e-02     2.06244e-02
4.15000e-02     2.06775e-02
4.20000e-02     2.07092e-02
4.25000e-02     2.07172e-02
4.30000e-02     2.07024e-02
4.35000e-02     2.06633e-02
4.40000e-02     2.05969e-02
4.45000e-02     2.05043e-02
4.50000e-02     2.03819e-02
4.55000e-02     2.02335e-02
4.60000e-02     2.00556e-02
4.65000e-02     1.98463e-02
4.70000e-02     1.96031e-02
4.75000e-02     1.93266e-02
4.80000e-02     1.90185e-02
4.85000e-02     1.86756e-02
4.90000e-02     1.82967e-02
4.95000e-02     1.78832e-02
5.00000e-02     1.74348e-02
5.05000e-02     1.69504e-02
5.10000e-02     1.64323e-02
5.15000e-02     1.58784e-02
5.20000e-02     1.52926e-02
5.25000e-02     1.46746e-02
5.30000e-02     1.40238e-02
5.35000e-02     1.33438e-02
5.40000e-02     1.26359e-02
5.45000e-02     1.19029e-02
5.50000e-02     1.11465e-02
5.55000e-02     1.03704e-02
5.60000e-02     9.57912e-03
5.65000e-02     8.77171e-03
5.70000e-02     7.95322e-03
5.75000e-02     7.12694e-03
5.80000e-02     6.29676e-03
5.85000e-02     5.46326e-03
5.90000e-02     4.63234e-03
5.95000e-02     3.80529e-03
6.00000e-02     2.98607e-03
6.05000e-02     2.17557e-03
6.10000e-02     1.37847e-03
6.15000e-02     5.93862e-04
6.20000e-02     -1.76164e-04
6.25000e-02     -9.30475e-04
6.30000e-02     -1.66728e-03
6.35000e-02     -2.38683e-03
6.40000e-02     -3.08907e-03
6.45000e-02     -3.77129e-03
6.50000e-02     -4.43704e-03
6.55000e-02     -5.08610e-03
6.60000e-02     -5.71671e-03
6.65000e-02     -6.33213e-03
6.70000e-02     -6.93362e-03
6.75000e-02     -7.52088e-03
6.80000e-02     -8.09426e-03
6.85000e-02     -8.65354e-03
6.90000e-02     -9.20188e-03
6.95000e-02     -9.73982e-03
7.00000e-02     -1.02647e-02
7.05000e-02     -1.07759e-02
7.10000e-02     -1.12767e-02
7.15000e-02     -1.17653e-02
7.20000e-02     -1.22419e-02
7.25000e-02     -1.27067e-02
7.30000e-02     -1.31565e-02
7.35000e-02     -1.35896e-02
7.40000e-02     -1.40104e-02
7.45000e-02     -1.44146e-02
7.50000e-02     -1.48023e-02
7.55000e-02     -1.51718e-02
7.60000e-02     -1.55216e-02
7.65000e-02     -1.58511e-02
7.70000e-02     -1.61614e-02
7.75000e-02     -1.64506e-02
7.80000e-02     -1.67165e-02
7.85000e-02     -1.69581e-02
7.90000e-02     -1.71775e-02
7.95000e-02     -1.73725e-02
8.00000e-02     -1.75400e-02
8.05000e-02     -1.76809e-02
8.10000e-02     -1.77963e-02
8.15000e-02     -1.78816e-02
8.20000e-02     -1.79372e-02
8.25000e-02     -1.79632e-02
8.30000e-02     -1.79581e-02
8.35000e-02     -1.79220e-02
8.40000e-02     -1.78547e-02
8.45000e-02     -1.77560e-02
8.50000e-02     -1.76241e-02
8.55000e-02     -1.74577e-02
8.60000e-02     -1.72577e-02
8.65000e-02     -1.70242e-02
8.70000e-02     -1.67569e-02
8.75000e-02     -1.64559e-02
8.80000e-02     -1.61218e-02
8.85000e-02     -1.57554e-02
8.90000e-02     -1.53581e-02
8.95000e-02     -1.49309e-02
9.00000e-02     -1.44737e-02
9.05000e-02     -1.39887e-02
9.10000e-02     -1.34768e-02
9.15000e-02     -1.29384e-02
9.20000e-02     -1.23777e-02
9.25000e-02     -1.17922e-02
9.30000e-02     -1.11871e-02
9.35000e-02     -1.05637e-02
9.40000e-02     -9.92385e-03
9.45000e-02     -9.26919e-03
9.50000e-02     -8.60231e-03
9.55000e-02     -7.92494e-03
9.60000e-02     -7.23826e-03
9.65000e-02     -6.54685e-03
9.70000e-02     -5.85092e-03
9.75000e-02     -5.15388e-03
9.80000e-02     -4.45648e-03
9.85000e-02     -3.76387e-03
9.90000e-02     -3.07523e-03
9.95000e-02     -2.39281e-03
1.00000e-01     -1.71929e-03
1.00500e-01     -1.05420e-03
1.01000e-01     -4.00795e-04
1.01500e-01     2.40615e-04
1.02000e-01     8.68346e-04
1.02500e-01     1.48483e-03
1.03000e-01     2.08705e-03
1.03500e-01     2.67596e-03
1.04000e-01     3.25092e-03
1.04500e-01     3.81140e-03
1.05000e-01     4.35705e-03
1.05500e-01     4.88784e-03
1.06000e-01     5.40596e-03
1.06500e-01     5.90916e-03
1.07000e-01     6.39766e-03
1.07500e-01     6.87233e-03
1.08000e-01     7.33057e-03
1.08500e-01     7.77673e-03
1.09000e-01     8.20819e-03
1.09500e-01     8.62721e-03
1.10000e-01     9.03165e-03
1.10500e-01     9.42168e-03
1.11000e-01     9.79765e-03
1.11500e-01     1.01588e-02
1.12000e-01     1.05055e-02
1.12500e-01     1.08360e-02
1.13000e-01     1.11525e-02
1.13500e-01     1.14535e-02
1.14000e-01     1.17380e-02
1.14500e-01     1.20056e-02
1.15000e-01     1.22561e-02
1.15500e-01     1.24894e-02
1.16000e-01     1.27013e-02
1.16500e-01     1.28957e-02
1.17000e-01     1.30692e-02
1.17500e-01     1.32229e-02
1.18000e-01     1.33563e-02
1.18500e-01     1.34678e-02
1.19000e-01     1.35575e-02
1.19500e-01     1.36257e-02
1.20000e-01     1.36690e-02
1.20500e-01     1.36890e-02
1.21000e-01     1.36865e-02
1.21500e-01     1.36593e-02
1.22000e-01     1.36077e-02
1.22500e-01     1.35316e-02
1.23000e-01     1.34320e-02
1.23500e-01     1.33055e-02
1.24000e-01     1.31541e-02
1.24500e-01     1.29777e-02
1.25000e-01     1.27769e-02
1.25500e-01     1.25508e-02
1.26000e-01     1.23006e-02
1.26500e-01     1.20240e-02
1.27000e-01     1.17227e-02
1.27500e-01     1.13967e-02
1.28000e-01     1.10467e-02
1.28500e-01     1.06730e-02
1.29000e-01     1.02761e-02
1.29500e-01     9.85801e-03
1.30000e-01     9.41697e-03
1.30500e-01     8.95607e-03
1.31000e-01     8.47594e-03
1.31500e-01     7.97740e-03
1.32000e-01     7.46032e-03
1.32500e-01     6.92801e-03
1.33000e-01     6.38175e-03
1.33500e-01     5.82471e-03
1.34000e-01     5.25534e-03
1.34500e-01     4.67718e-03
1.35000e-01     4.09287e-03
1.35500e-01     3.50474e-03
1.36000e-01     2.91269e-03
1.36500e-01     2.32061e-03
1.37000e-01     1.72900e-03
1.37500e-01     1.14092e-03
1.38000e-01     5.56257e-04
1.38500e-01     -2.13445e-05
1.39000e-01     -5.89803e-04
1.39500e-01     -1.15135e-03
1.40000e-01     -1.70329e-03
1.40500e-01     -2.24324e-03
1.41000e-01     -2.77036e-03
1.41500e-01     -3.28450e-03
1.42000e-01     -3.78764e-03
1.42500e-01     -4.27780e-03
1.43000e-01     -4.75090e-03
1.43500e-01     -5.21292e-03
1.44000e-01     -5.66202e-03
1.44500e-01     -6.09788e-03
1.45000e-01     -6.51950e-03
1.45500e-01     -6.92795e-03
1.46000e-01     -7.32251e-03
1.46500e-01     -7.70517e-03
1.47000e-01     -8.07551e-03
1.47500e-01     -8.43270e-03
1.48000e-01     -8.77765e-03
1.48500e-01     -9.11125e-03
1.49000e-01     -9.43037e-03
1.49500e-01     -9.73642e-03
1.50000e-01     -1.00292e-02
1.50500e-01     -1.03101e-02
1.51000e-01     -1.05770e-02
1.51500e-01     -1.08288e-02
1.52000e-01     -1.10677e-02
1.52500e-01     -1.12893e-02
1.53000e-01     -1.14941e-02
1.53500e-01     -1.16833e-02
1.54000e-01     -1.18556e-02
1.54500e-01     -1.20092e-02
1.55000e-01     -1.21424e-02
1.55500e-01     -1.22561e-02
1.56000e-01     -1.23494e-02
1.56500e-01     -1.24220e-02
1.57000e-01     -1.24724e-02
1.57500e-01     -1.24991e-02
1.58000e-01     -1.25047e-02
1.58500e-01     -1.24862e-02
1.59000e-01     -1.24428e-02
1.59500e-01     -1.23759e-02
1.60000e-01     -1.22819e-02
1.60500e-01     -1.21621e-02
1.61000e-01     -1.20170e-02
1.61500e-01     -1.18463e-02
1.62000e-01     -1.16495e-02
1.62500e-01     -1.14274e-02
1.63000e-01     -1.11803e-02
1.63500e-01     -1.09066e-02
1.64000e-01     -1.06082e-02
1.64500e-01     -1.02863e-02
1.65000e-01     -9.94169e-03
1.65500e-01     -9.57389e-03
1.66000e-01     -9.18259e-03
1.66500e-01     -8.77076e-03
1.67000e-01     -8.34042e-03
1.67500e-01     -7.89276e-03
1.68000e-01     -7.42818e-03
1.68500e-01     -6.94774e-03
1.69000e-01     -6.45371e-03
1.69500e-01     -5.94879e-03
1.70000e-01     -5.43500e-03
1.70500e-01     -4.91350e-03
1.71000e-01     -4.38700e-03
1.71500e-01     -3.85644e-03
1.72000e-01     -3.32573e-03
1.72500e-01     -2.79337e-03
1.73000e-01     -2.26402e-03
1.73500e-01     -1.73942e-03
1.74000e-01     -1.21961e-03
1.74500e-01     -7.06564e-04
1.75000e-01     -2.00857e-04
1.75500e-01     2.95399e-04
1.76000e-01     7.81949e-04
1.76500e-01     1.25770e-03
1.77000e-01     1.72382e-03
1.77500e-01     2.17935e-03
1.78000e-01     2.62366e-03
1.78500e-01     3.05894e-03
1.79000e-01     3.48238e-03
1.79500e-01     3.89643e-03
1.80000e-01     4.30176e-03
1.80500e-01     4.69513e-03
1.81000e-01     5.08070e-03
1.81500e-01     5.45512e-03
1.82000e-01     5.82141e-03
1.82500e-01     6.17909e-03
1.83000e-01     6.52850e-03
1.83500e-01     6.86817e-03
1.84000e-01     7.19899e-03
1.84500e-01     7.52180e-03
1.85000e-01     7.83514e-03
1.85500e-01     8.13825e-03
1.86000e-01     8.43163e-03
1.86500e-01     8.71322e-03
1.87000e-01     8.98192e-03
1.87500e-01     9.23896e-03
1.88000e-01     9.48279e-03
1.88500e-01     9.71203e-03
1.89000e-01     9.92478e-03
1.89500e-01     1.01233e-02
1.90000e-01     1.03043e-02
1.90500e-01     1.04678e-02
1.91000e-01     1.06136e-02
1.91500e-01     1.07411e-02
1.92000e-01     1.08485e-02
1.92500e-01     1.09360e-02
1.93000e-01     1.10045e-02
1.93500e-01     1.10499e-02
1.94000e-01     1.10733e-02
1.94500e-01     1.10748e-02
1.95000e-01     1.10543e-02
1.95500e-01     1.10108e-02
1.96000e-01     1.09451e-02
1.96500e-01     1.08559e-02
1.97000e-01     1.07438e-02
1.97500e-01     1.06087e-02
1.98000e-01     1.04506e-02
1.98500e-01     1.02692e-02
1.99000e-01     1.00652e-02
1.99500e-01     9.83851e-03
2.00000e-01     9.58870e-03
2.00500e-01     9.31716e-03
2.01000e-01     9.02316e-03
2.01500e-01     8.70770e-03
2.02000e-01     8.37231e-03
2.02500e-01     8.01639e-03
2.03000e-01     7.64138e-03
2.03500e-01     7.24826e-03
2.04000e-01     6.83877e-03
2.04500e-01     6.41332e-03
2.05000e-01     5.97395e-03
2.05500e-01     5.52173e-03
2.06000e-01     5.05795e-03
2.06500e-01     4.58342e-03
2.07000e-01     4.10091e-03
2.07500e-01     3.61376e-03
2.08000e-01     3.12132e-03
2.08500e-01     2.62648e-03
2.09000e-01     2.12937e-03
2.09500e-01     1.63372e-03
2.10000e-01     1.14078e-03
2.10500e-01     6.50825e-04
2.11000e-01     1.66635e-04
2.11500e-01     -3.09687e-04
2.12000e-01     -7.78993e-04
2.12500e-01     -1.24013e-03
2.13000e-01     -1.69318e-03
2.13500e-01     -2.13525e-03
2.14000e-01     -2.56792e-03
2.14500e-01     -2.98812e-03
2.15000e-01     -3.39729e-03
2.15500e-01     -3.79544e-03
2.16000e-01     -4.18208e-03
2.16500e-01     -4.55773e-03
2.17000e-01     -4.92155e-03
2.17500e-01     -5.27588e-03
2.18000e-01     -5.61930e-03
2.18500e-01     -5.95183e-03
2.19000e-01     -6.27400e-03
2.19500e-01     -6.58582e-03
2.20000e-01     -6.88787e-03
2.20500e-01     -7.17955e-03
2.21000e-01     -7.46150e-03
2.21500e-01     -7.73292e-03
2.22000e-01     -7.99461e-03
2.22500e-01     -8.24536e-03
2.23000e-01     -8.48546e-03
2.23500e-01     -8.71469e-03
2.24000e-01     -8.93272e-03
2.24500e-01     -9.13792e-03
2.25000e-01     -9.33012e-03
2.25500e-01     -9.50936e-03
2.26000e-01     -9.67507e-03
2.26500e-01     -9.82586e-03
2.27000e-01     -9.96171e-03
2.27500e-01     -1.00813e-02
2.28000e-01     -1.01849e-02
2.28500e-01     -1.02715e-02
2.29000e-01     -1.03399e-02
2.29500e-01     -1.03897e-02
2.30000e-01     -1.04210e-02
2.30500e-01     -1.04312e-02
2.31000e-01     -1.04214e-02
2.31500e-01     -1.03929e-02
2.32000e-01     -1.03393e-02
2.32500e-01     -1.02638e-02
2.33000e-01     -1.01666e-02
2.33500e-01     -1.00485e-02
2.34000e-01     -9.90624e-03
2.34500e-01     -9.74162e-03
2.35000e-01     -9.55529e-03
2.35500e-01     -9.34600e-03
2.36000e-01     -9.11434e-03
2.36500e-01     -8.86140e-03
2.37000e-01     -8.58752e-03
2.37500e-01     -8.29286e-03
2.38000e-01     -7.97781e-03
2.38500e-01     -7.64207e-03
2.39000e-01     -7.28877e-03
2.39500e-01     -6.91875e-03
2.40000e-01     -6.53259e-03
2.40500e-01     -6.13179e-03
2.41000e-01     -5.71776e-03
2.41500e-01     -5.29135e-03
2.42000e-01     -4.85418e-03
2.42500e-01     -4.40896e-03
2.43000e-01     -3.95753e-03
2.43500e-01     -3.49909e-03
2.44000e-01     -3.03854e-03
2.44500e-01     -2.57662e-03
2.45000e-01     -2.11498e-03
2.45500e-01     -1.65552e-03
2.46000e-01     -1.19827e-03
2.46500e-01     -7.45454e-04
2.47000e-01     -2.99095e-04
2.47500e-01     1.39562e-04
2.48000e-01     5.70552e-04
2.48500e-01     9.94077e-04
2.49000e-01     1.40888e-03
2.49500e-01     1.81465e-03
2.50000e-01     2.21004e-03
2.50500e-01     2.59637e-03
2.51000e-01     2.97357e-03
2.51500e-01     3.34207e-03
2.52000e-01     3.70281e-03
2.52500e-01     4.05340e-03
2.53000e-01     4.39647e-03
2.53500e-01     4.73119e-03
2.54000e-01     5.05812e-03
2.54500e-01     5.37734e-03
2.55000e-01     5.68873e-03
2.55500e-01     5.99188e-03
2.56000e-01     6.28885e-03
2.56500e-01     6.57715e-03
2.57000e-01     6.85795e-03
2.57500e-01     7.13027e-03
2.58000e-01     7.39370e-03
2.58500e-01     7.64671e-03
2.59000e-01     7.88934e-03
2.59500e-01     8.12178e-03
2.60000e-01     8.34230e-03
2.60500e-01     8.55018e-03
2.61000e-01     8.74454e-03
2.61500e-01     8.92450e-03
2.62000e-01     9.08911e-03
2.62500e-01     9.23895e-03
2.63000e-01     9.37209e-03
2.63500e-01     9.48798e-03
2.64000e-01     9.58702e-03
2.64500e-01     9.66776e-03
2.65000e-01     9.72899e-03
2.65500e-01     9.77043e-03
2.66000e-01     9.79165e-03
2.66500e-01     9.79255e-03
2.67000e-01     9.77250e-03
2.67500e-01     9.73081e-03
2.68000e-01     9.66852e-03
2.68500e-01     9.58540e-03
2.69000e-01     9.47976e-03
2.69500e-01     9.35241e-03
2.70000e-01     9.20487e-03
2.70500e-01     9.03507e-03
2.71000e-01     8.84435e-03
2.71500e-01     8.63190e-03
2.72000e-01     8.39815e-03
2.72500e-01     8.14394e-03
2.73000e-01     7.86931e-03
2.73500e-01     7.57573e-03
2.74000e-01     7.26205e-03
2.74500e-01     6.93015e-03
2.75000e-01     6.58030e-03
2.75500e-01     6.21452e-03
2.76000e-01     5.83299e-03
2.76500e-01     5.43719e-03
2.77000e-01     5.02854e-03
2.77500e-01     4.60822e-03
2.78000e-01     4.17708e-03
2.78500e-01     3.73775e-03
2.79000e-01     3.29133e-03
2.79500e-01     2.83974e-03
2.80000e-01     2.38401e-03
2.80500e-01     1.92786e-03
2.81000e-01     1.46907e-03
2.81500e-01     1.01216e-03
2.82000e-01     5.57955e-04
2.82500e-01     1.07614e-04
2.83000e-01     -3.36308e-04
2.83500e-01     -7.72608e-04
2.84000e-01     -1.20239e-03
2.84500e-01     -1.62321e-03
2.85000e-01     -2.03503e-03
2.85500e-01     -2.43629e-03
2.86000e-01     -2.82759e-03
2.86500e-01     -3.20790e-03
2.87000e-01     -3.57634e-03
2.87500e-01     -3.93426e-03
2.88000e-01     -4.28080e-03
2.88500e-01     -4.61771e-03
2.89000e-01     -4.94334e-03
2.89500e-01     -5.25837e-03
2.90000e-01     -5.56319e-03
2.90500e-01     -5.85738e-03
2.91000e-01     -6.14106e-03
2.91500e-01     -6.41535e-03
2.92000e-01     -6.67969e-03
2.92500e-01     -6.93415e-03
2.93000e-01     -7.17892e-03
2.93500e-01     -7.41293e-03
2.94000e-01     -7.63685e-03
2.94500e-01     -7.85096e-03
2.95000e-01     -8.05450e-03
2.95500e-01     -8.24703e-03
2.96000e-01     -8.42812e-03
2.96500e-01     -8.59698e-03
2.97000e-01     -8.75417e-03
2.97500e-01     -8.89990e-03
2.98000e-01     -9.02918e-03
2.98500e-01     -9.14502e-03
2.99000e-01     -9.24684e-03
2.99500e-01     -9.33312e-03
3.00000e-01     -9.40304e-03
3.00500e-01     -9.45686e-03
3.01000e-01     -9.49297e-03
3.01500e-01     -9.51123e-03
3.02000e-01     -9.51036e-03
3.02500e-01     -9.49091e-03
3.03000e-01     -9.45141e-03
3.03500e-01     -9.39231e-03
3.04000e-01     -9.31119e-03
3.04500e-01     -9.20906e-03
3.05000e-01     -9.08575e-03
3.05500e-01     -8.94144e-03
3.06000e-01     -8.77543e-03
3.06500e-01     -8.58947e-03
3.07000e-01     -8.38194e-03
3.07500e-01     -8.15354e-03
3.08000e-01     -7.90639e-03
3.08500e-01     -7.63825e-03
3.09000e-01     -7.34978e-03
3.09500e-01     -7.04349e-03
3.10000e-01     -6.71936e-03
3.10500e-01     -6.37929e-03
3.11000e-01     -6.02303e-03
3.11500e-01     -5.65230e-03
3.12000e-01     -5.26868e-03
3.12500e-01     -4.87120e-03
3.13000e-01     -4.46357e-03
3.13500e-01     -4.04780e-03
3.14000e-01     -3.62405e-03
3.14500e-01     -3.19479e-03
3.15000e-01     -2.76213e-03
3.15500e-01     -2.32690e-03
3.16000e-01     -1.89127e-03
3.16500e-01     -1.45709e-03
3.17000e-01     -1.02510e-03
3.17500e-01     -5.97388e-04
3.18000e-01     -1.75390e-04
3.18500e-01     2.40504e-04
3.19000e-01     6.48663e-04
3.19500e-01     1.04921e-03
3.20000e-01     1.44056e-03
3.20500e-01     1.82260e-03
3.21000e-01     2.19627e-03
3.21500e-01     2.56039e-03
3.22000e-01     2.91502e-03
3.22500e-01     3.26015e-03
3.23000e-01     3.59562e-03
3.23500e-01     3.92302e-03
3.24000e-01     4.24232e-03
3.24500e-01     4.55308e-03
3.25000e-01     4.85567e-03
3.25500e-01     5.15084e-03
3.26000e-01     5.43796e-03
3.26500e-01     5.71747e-03
3.27000e-01     5.98997e-03
3.27500e-01     6.25480e-03
3.28000e-01     6.51030e-03
3.28500e-01     6.75803e-03
3.29000e-01     6.99705e-03
3.29500e-01     7.22652e-03
3.30000e-01     7.44669e-03
3.30500e-01     7.65666e-03
3.31000e-01     7.85641e-03
3.31500e-01     8.04442e-03
3.32000e-01     8.21941e-03
3.32500e-01     8.38158e-03
3.33000e-01     8.52997e-03
3.33500e-01     8.66371e-03
3.34000e-01     8.78246e-03
3.34500e-01     8.88491e-03
3.35000e-01     8.97095e-03
3.35500e-01     9.03959e-03
3.36000e-01     9.09016e-03
3.36500e-01     9.12193e-03
3.37000e-01     9.13452e-03
3.37500e-01     9.12798e-03
3.38000e-01     9.10057e-03
3.38500e-01     9.05304e-03
3.39000e-01     8.98503e-03
3.39500e-01     8.89689e-03
3.40000e-01     8.78764e-03
3.40500e-01     8.65784e-03
3.41000e-01     8.50746e-03
3.41500e-01     8.33583e-03
3.42000e-01     8.14415e-03
3.42500e-01     7.93217e-03
3.43000e-01     7.70009e-03
3.43500e-01     7.44783e-03
3.44000e-01     7.17620e-03
3.44500e-01     6.88582e-03
3.45000e-01     6.57735e-03
3.45500e-01     6.25175e-03
3.46000e-01     5.90987e-03
3.46500e-01     5.55276e-03
3.47000e-01     5.18186e-03
3.47500e-01     4.79730e-03
3.48000e-01     4.40161e-03
3.48500e-01     3.99452e-03
3.49000e-01     3.57810e-03
3.49500e-01     3.15580e-03
3.50000e-01     2.72676e-03
3.50500e-01     2.29342e-03
3.51000e-01     1.85949e-03
3.51500e-01     1.42286e-03
3.52000e-01     9.87469e-04
3.52500e-01     5.53171e-04
3.53000e-01     1.22769e-04
3.53500e-01     -3.01477e-04
3.54000e-01     -7.20389e-04
3.54500e-01     -1.13183e-03
3.55000e-01     -1.53520e-03
3.55500e-01     -1.92986e-03
3.56000e-01     -2.31459e-03
3.56500e-01     -2.68926e-03
3.57000e-01     -3.05243e-03
3.57500e-01     -3.40469e-03
3.58000e-01     -3.74665e-03
3.58500e-01     -4.07789e-03
3.59000e-01     -4.39870e-03
3.59500e-01     -4.70915e-03
3.60000e-01     -5.00839e-03
3.60500e-01     -5.29837e-03
3.61000e-01     -5.57740e-03
3.61500e-01     -5.84605e-03
3.62000e-01     -6.10503e-03
3.62500e-01     -6.35416e-03
3.63000e-01     -6.59341e-03
3.63500e-01     -6.82326e-03
3.64000e-01     -7.04261e-03
3.64500e-01     -7.25265e-03
3.65000e-01     -7.45270e-03
3.65500e-01     -7.64133e-03
3.66000e-01     -7.81988e-03
3.66500e-01     -7.98717e-03
3.67000e-01     -8.14347e-03
3.67500e-01     -8.28704e-03
3.68000e-01     -8.41943e-03
3.68500e-01     -8.53815e-03
3.69000e-01     -8.64298e-03
3.69500e-01     -8.73300e-03
3.70000e-01     -8.80883e-03
3.70500e-01     -8.86959e-03
3.71000e-01     -8.91383e-03
3.71500e-01     -8.94115e-03
3.72000e-01     -8.95096e-03
3.72500e-01     -8.94286e-03
3.73000e-01     -8.91619e-03
3.73500e-01     -8.87210e-03
3.74000e-01     -8.80650e-03
3.74500e-01     -8.72078e-03
3.75000e-01     -8.61454e-03
3.75500e-01     -8.48854e-03
3.76000e-01     -8.34263e-03
3.76500e-01     -8.17624e-03
3.77000e-01     -7.99042e-03
3.77500e-01     -7.78578e-03
3.78000e-01     -7.56101e-03
3.78500e-01     -7.31655e-03
3.79000e-01     -7.05379e-03
3.79500e-01     -6.77251e-03
3.80000e-01     -6.47391e-03
3.80500e-01     -6.15835e-03
3.81000e-01     -5.82771e-03
3.81500e-01     -5.48246e-03
3.82000e-01     -5.12410e-03
3.82500e-01     -4.75288e-03
3.83000e-01     -4.37111e-03
3.83500e-01     -3.97849e-03
3.84000e-01     -3.57748e-03
3.84500e-01     -3.17162e-03
3.85000e-01     -2.75995e-03
3.85500e-01     -2.34591e-03
3.86000e-01     -1.93071e-03
3.86500e-01     -1.51512e-03
3.87000e-01     -1.10124e-03
3.87500e-01     -6.90523e-04
3.88000e-01     -2.84786e-04
3.88500e-01     1.14882e-04
3.89000e-01     5.09151e-04
3.89500e-01     8.94649e-04
3.90000e-01     1.27140e-03
3.90500e-01     1.64128e-03
3.91000e-01     2.00164e-03
3.91500e-01     2.35299e-03
3.92000e-01     2.69484e-03
3.92500e-01     3.02759e-03
3.93000e-01     3.35020e-03
3.93500e-01     3.66369e-03
3.94000e-01     3.96938e-03
3.94500e-01     4.26675e-03
3.95000e-01     4.55542e-03
3.95500e-01     4.83664e-03
3.96000e-01     5.11003e-03
3.96500e-01     5.37551e-03
3.97000e-01     5.63396e-03
3.97500e-01     5.88372e-03
3.98000e-01     6.12659e-03
3.98500e-01     6.36072e-03
3.99000e-01     6.58712e-03
3.99500e-01     6.80479e-03
4.00000e-01     7.01298e-03
4.00500e-01     7.21224e-03
4.01000e-01     7.40146e-03
4.01500e-01     7.57979e-03
4.02000e-01     7.74711e-03
4.02500e-01     7.90262e-03
4.03000e-01     8.04462e-03
4.03500e-01     8.17378e-03
4.04000e-01     8.28849e-03
4.04500e-01     8.38836e-03
4.05000e-01     8.47233e-03
4.05500e-01     8.54004e-03
4.06000e-01     8.59169e-03
4.06500e-01     8.62564e-03
4.07000e-01     8.64070e-03
4.07500e-01     8.63721e-03
4.08000e-01     8.61576e-03
4.08500e-01     8.57375e-03
4.09000e-01     8.51207e-03
4.09500e-01     8.43083e-03
4.10000e-01     8.32982e-03
4.10500e-01     8.20940e-03
4.11000e-01     8.06869e-03
4.11500e-01     7.90764e-03
4.12000e-01     7.72754e-03
4.12500e-01     7.52753e-03
4.13000e-01     7.30770e-03
4.13500e-01     7.06823e-03
4.14000e-01     6.81017e-03
4.14500e-01     6.53402e-03
4.15000e-01     6.24042e-03
4.15500e-01     5.93043e-03
4.16000e-01     5.60440e-03
4.16500e-01     5.26335e-03
4.17000e-01     4.90877e-03
4.17500e-01     4.54116e-03
4.18000e-01     4.16084e-03
4.18500e-01     3.77184e-03
4.19000e-01     3.37346e-03
4.19500e-01     2.96800e-03
4.20000e-01     2.55625e-03
4.20500e-01     2.13956e-03
4.21000e-01     1.72186e-03
4.21500e-01     1.30289e-03
4.22000e-01     8.83182e-04
4.22500e-01     4.66244e-04
4.23000e-01     5.28643e-05
4.23500e-01     -3.56395e-04
4.24000e-01     -7.58698e-04
4.24500e-01     -1.15523e-03
4.25000e-01     -1.54338e-03
4.25500e-01     -1.92334e-03
4.26000e-01     -2.29289e-03
4.26500e-01     -2.65200e-03
4.27000e-01     -3.00067e-03
4.27500e-01     -3.33920e-03
4.28000e-01     -3.66676e-03
4.28500e-01     -3.98478e-03
4.29000e-01     -4.29198e-03
4.29500e-01     -4.58818e-03
4.30000e-01     -4.87314e-03
4.30500e-01     -5.14790e-03
4.31000e-01     -5.41523e-03
4.31500e-01     -5.67244e-03
4.32000e-01     -5.91709e-03
4.32500e-01     -6.15246e-03
4.33000e-01     -6.37811e-03
4.33500e-01     -6.59460e-03
4.34000e-01     -6.80098e-03
4.34500e-01     -6.99740e-03
4.35000e-01     -7.18416e-03
4.35500e-01     -7.35970e-03
4.36000e-01     -7.52521e-03
4.36500e-01     -7.68042e-03
4.37000e-01     -7.82381e-03
4.37500e-01     -7.95534e-03
4.38000e-01     -8.07493e-03
4.38500e-01     -8.18175e-03
4.39000e-01     -8.27398e-03
4.39500e-01     -8.35263e-03
4.40000e-01     -8.41665e-03
4.40500e-01     -8.46622e-03
4.41000e-01     -8.49962e-03
4.41500e-01     -8.51655e-03
4.42000e-01     -8.51673e-03
4.42500e-01     -8.50078e-03
4.43000e-01     -8.46516e-03
4.43500e-01     -8.41076e-03
4.44000e-01     -8.33790e-03
4.44500e-01     -8.24586e-03
4.45000e-01     -8.13470e-03
4.45500e-01     -8.00402e-03
4.46000e-01     -7.85414e-03
4.46500e-01     -7.68538e-03
4.47000e-01     -7.49836e-03
4.47500e-01     -7.29228e-03
4.48000e-01     -7.06707e-03
4.48500e-01     -6.82457e-03
4.49000e-01     -6.56310e-03
4.49500e-01     -6.28494e-03
4.50000e-01     -5.99099e-03
4.50500e-01     -5.68127e-03
4.51000e-01     -5.35706e-03
4.51500e-01     -5.01989e-03
4.52000e-01     -4.66952e-03
4.52500e-01     -4.30952e-03
4.53000e-01     -3.93724e-03
4.53500e-01     -3.55616e-03
4.54000e-01     -3.16848e-03
4.54500e-01     -2.77529e-03
4.55000e-01     -2.37806e-03
4.55500e-01     -1.97904e-03
4.56000e-01     -1.57939e-03
4.56500e-01     -1.17981e-03
4.57000e-01     -7.83290e-04
4.57500e-01     -3.90893e-04
4.58000e-01     -2.64746e-06
4.58500e-01     3.79239e-04
4.59000e-01     7.54947e-04
4.59500e-01     1.12185e-03
4.60000e-01     1.48256e-03
4.60500e-01     1.83392e-03
4.61000e-01     2.17669e-03
4.61500e-01     2.50997e-03
4.62000e-01     2.83409e-03
4.62500e-01     3.14847e-03
4.63000e-01     3.45350e-03
4.63500e-01     3.75091e-03
4.64000e-01     4.03944e-03
4.64500e-01     4.31964e-03
4.65000e-01     4.59240e-03
4.65500e-01     4.85646e-03
4.66000e-01     5.11324e-03
4.66500e-01     5.36218e-03
4.67000e-01     5.60317e-03
4.67500e-01     5.83713e-03
4.68000e-01     6.06259e-03
4.68500e-01     6.28050e-03
4.69000e-01     6.48974e-03
4.69500e-01     6.69021e-03
4.70000e-01     6.88238e-03
4.70500e-01     7.06427e-03
4.71000e-01     7.23616e-03
4.71500e-01     7.39802e-03
4.72000e-01     7.54791e-03
4.72500e-01     7.68633e-03
4.73000e-01     7.81161e-03
4.73500e-01     7.92302e-03
4.74000e-01     8.02132e-03
4.74500e-01     8.10415e-03
4.75000e-01     8.17146e-03
4.75500e-01     8.22277e-03
4.76000e-01     8.25887e-03
4.76500e-01     8.27630e-03
4.77000e-01     8.27596e-03
4.77500e-01     8.25724e-03
4.78000e-01     8.21953e-03
4.78500e-01     8.16410e-03
4.79000e-01     8.08904e-03
4.79500e-01     7.99467e-03
4.80000e-01     7.88142e-03
4.80500e-01     7.74855e-03
4.81000e-01     7.59648e-03
4.81500e-01     7.42540e-03
4.82000e-01     7.23513e-03
4.82500e-01     7.02569e-03
4.83000e-01     6.79754e-03
4.83500e-01     6.55069e-03
4.84000e-01     6.28638e-03
4.84500e-01     6.00516e-03
4.85000e-01     5.70764e-03
4.85500e-01     5.39506e-03
4.86000e-01     5.06709e-03
4.86500e-01     4.72544e-03
4.87000e-01     4.37092e-03
4.87500e-01     4.00544e-03
4.88000e-01     3.63014e-03
4.88500e-01     3.24548e-03
4.89000e-01     2.85344e-03
4.89500e-01     2.45580e-03
4.90000e-01     2.05485e-03
4.90500e-01     1.64953e-03
4.91000e-01     1.24259e-03
4.91500e-01     8.36585e-04
4.92000e-01     4.32292e-04
4.92500e-01     3.04390e-05
4.93000e-01     -3.65554e-04
4.93500e-01     -7.56709e-04
4.94000e-01     -1.14094e-03
