"Lift Convergence"
"Flow Time" "cl"
5.00000e-04     -6.67369e-02
1.00000e-03     -6.76157e-02
1.50000e-03     -6.75586e-02
2.00000e-03     -6.76946e-02
2.50000e-03     -6.89153e-02
3.00000e-03     -7.11260e-02
3.50000e-03     -7.39132e-02
4.00000e-03     -7.68906e-02
4.50000e-03     -7.98181e-02
5.00000e-03     -8.26088e-02
5.50000e-03     -8.53034e-02
6.00000e-03     -8.80087e-02
6.50000e-03     -9.07867e-02
7.00000e-03     -9.36514e-02
7.50000e-03     -9.65762e-02
8.00000e-03     -9.95024e-02
8.50000e-03     -1.02375e-01
9.00000e-03     -1.05140e-01
9.50000e-03     -1.07755e-01
1.00000e-02     -1.10207e-01
1.05000e-02     -1.12456e-01
1.10000e-02     -1.14491e-01
1.15000e-02     -1.16293e-01
1.20000e-02     -1.17842e-01
1.25000e-02     -1.19123e-01
1.30000e-02     -1.20135e-01
1.35000e-02     -1.20870e-01
1.40000e-02     -1.21328e-01
1.45000e-02     -1.21511e-01
1.50000e-02     -1.21421e-01
1.55000e-02     -1.21081e-01
1.60000e-02     -1.20507e-01
1.65000e-02     -1.19712e-01
1.70000e-02     -1.18697e-01
1.75000e-02     -1.17479e-01
1.80000e-02     -1.16072e-01
1.85000e-02     -1.14497e-01
1.90000e-02     -1.12759e-01
1.95000e-02     -1.10876e-01
2.00000e-02     -1.08863e-01
2.05000e-02     -1.06715e-01
2.10000e-02     -1.04455e-01
2.15000e-02     -1.02095e-01
2.20000e-02     -9.96437e-02
2.25000e-02     -9.71068e-02
2.30000e-02     -9.44906e-02
2.35000e-02     -9.18108e-02
2.40000e-02     -8.90657e-02
2.45000e-02     -8.62623e-02
2.50000e-02     -8.34105e-02
2.55000e-02     -8.05247e-02
2.60000e-02     -7.76034e-02
2.65000e-02     -7.46533e-02
2.70000e-02     -7.16809e-02
2.75000e-02     -6.86954e-02
2.80000e-02     -6.56825e-02
2.85000e-02     -6.26682e-02
2.90000e-02     -5.96511e-02
2.95000e-02     -5.66180e-02
3.00000e-02     -5.35716e-02
3.05000e-02     -5.05112e-02
3.10000e-02     -4.74410e-02
3.15000e-02     -4.43528e-02
3.20000e-02     -4.12422e-02
3.25000e-02     -3.80929e-02
3.30000e-02     -3.49244e-02
3.35000e-02     -3.17302e-02
3.40000e-02     -2.85017e-02
3.45000e-02     -2.52458e-02
3.50000e-02     -2.19604e-02
3.55000e-02     -1.86587e-02
3.60000e-02     -1.53507e-02
3.65000e-02     -1.20394e-02
3.70000e-02     -8.72720e-03
3.75000e-02     -5.42261e-03
3.80000e-02     -2.15029e-03
3.85000e-02     1.07930e-03
3.90000e-02     4.25327e-03
3.95000e-02     7.35275e-03
4.00000e-02     1.03704e-02
4.05000e-02     1.32849e-02
4.10000e-02     1.60663e-02
4.15000e-02     1.87109e-02
4.20000e-02     2.11899e-02
4.25000e-02     2.34907e-02
4.30000e-02     2.55868e-02
4.35000e-02     2.74598e-02
4.40000e-02     2.90927e-02
4.45000e-02     3.04557e-02
4.50000e-02     3.15273e-02
4.55000e-02     3.22881e-02
4.60000e-02     3.26993e-02
4.65000e-02     3.27645e-02
4.70000e-02     3.24600e-02
4.75000e-02     3.17646e-02
4.80000e-02     3.06736e-02
4.85000e-02     2.91629e-02
4.90000e-02     2.72394e-02
4.95000e-02     2.49026e-02
5.00000e-02     2.21444e-02
5.05000e-02     1.89799e-02
5.10000e-02     1.54366e-02
5.15000e-02     1.15180e-02
5.20000e-02     7.26358e-03
5.25000e-02     2.69721e-03
5.30000e-02     -2.14945e-03
5.35000e-02     -7.22605e-03
5.40000e-02     -1.24916e-02
5.45000e-02     -1.79130e-02
5.50000e-02     -2.34288e-02
5.55000e-02     -2.89852e-02
5.60000e-02     -3.45269e-02
5.65000e-02     -4.00125e-02
5.70000e-02     -4.53828e-02
5.75000e-02     -5.05808e-02
5.80000e-02     -5.55623e-02
5.85000e-02     -6.02777e-02
5.90000e-02     -6.46847e-02
5.95000e-02     -6.87520e-02
6.00000e-02     -7.24421e-02
6.05000e-02     -7.57423e-02
6.10000e-02     -7.86306e-02
6.15000e-02     -8.11152e-02
6.20000e-02     -8.31808e-02
6.25000e-02     -8.48337e-02
6.30000e-02     -8.60973e-02
6.35000e-02     -8.69864e-02
6.40000e-02     -8.75083e-02
6.45000e-02     -8.76991e-02
6.50000e-02     -8.76098e-02
6.55000e-02     -8.72754e-02
6.60000e-02     -8.67301e-02
6.65000e-02     -8.60128e-02
6.70000e-02     -8.51680e-02
6.75000e-02     -8.42366e-02
6.80000e-02     -8.32614e-02
6.85000e-02     -8.22765e-02
6.90000e-02     -8.13105e-02
6.95000e-02     -8.04021e-02
7.00000e-02     -7.95637e-02
7.05000e-02     -7.88318e-02
7.10000e-02     -7.81940e-02
7.15000e-02     -7.76792e-02
7.20000e-02     -7.72841e-02
7.25000e-02     -7.70175e-02
7.30000e-02     -7.68626e-02
7.35000e-02     -7.68151e-02
7.40000e-02     -7.68545e-02
7.45000e-02     -7.69652e-02
7.50000e-02     -7.71281e-02
7.55000e-02     -7.73257e-02
7.60000e-02     -7.75358e-02
7.65000e-02     -7.77391e-02
7.70000e-02     -7.79050e-02
7.75000e-02     -7.80137e-02
7.80000e-02     -7.80441e-02
7.85000e-02     -7.79812e-02
7.90000e-02     -7.78079e-02
7.95000e-02     -7.75140e-02
8.00000e-02     -7.70826e-02
8.05000e-02     -7.65104e-02
8.10000e-02     -7.57933e-02
8.15000e-02     -7.49276e-02
8.20000e-02     -7.39197e-02
8.25000e-02     -7.27775e-02
8.30000e-02     -7.15005e-02
8.35000e-02     -7.01024e-02
8.40000e-02     -6.85921e-02
8.45000e-02     -6.69852e-02
8.50000e-02     -6.53040e-02
8.55000e-02     -6.35550e-02
8.60000e-02     -6.17596e-02
8.65000e-02     -5.99419e-02
8.70000e-02     -5.81184e-02
8.75000e-02     -5.63071e-02
8.80000e-02     -5.45250e-02
8.85000e-02     -5.27875e-02
8.90000e-02     -5.11145e-02
8.95000e-02     -4.95161e-02
9.00000e-02     -4.80064e-02
9.05000e-02     -4.65967e-02
9.10000e-02     -4.53054e-02
9.15000e-02     -4.41211e-02
9.20000e-02     -4.30484e-02
9.25000e-02     -4.21013e-02
9.30000e-02     -4.12710e-02
9.35000e-02     -4.05528e-02
9.40000e-02     -3.99352e-02
9.45000e-02     -3.94178e-02
9.50000e-02     -3.89854e-02
9.55000e-02     -3.86464e-02
9.60000e-02     -3.83820e-02
9.65000e-02     -3.81803e-02
9.70000e-02     -3.80154e-02
9.75000e-02     -3.79011e-02
9.80000e-02     -3.78080e-02
9.85000e-02     -3.77282e-02
9.90000e-02     -3.76520e-02
9.95000e-02     -3.75661e-02
1.00000e-01     -3.74544e-02
1.00500e-01     -3.73167e-02
1.01000e-01     -3.71471e-02
1.01500e-01     -3.69281e-02
1.02000e-01     -3.66471e-02
1.02500e-01     -3.63163e-02
1.03000e-01     -3.59293e-02
1.03500e-01     -3.54830e-02
1.04000e-01     -3.49837e-02
1.04500e-01     -3.44335e-02
1.05000e-01     -3.38459e-02
1.05500e-01     -3.32127e-02
1.06000e-01     -3.25478e-02
1.06500e-01     -3.18833e-02
1.07000e-01     -3.12156e-02
1.07500e-01     -3.05619e-02
1.08000e-01     -2.99353e-02
1.08500e-01     -2.93617e-02
1.09000e-01     -2.88433e-02
1.09500e-01     -2.84066e-02
1.10000e-01     -2.80654e-02
1.10500e-01     -2.78310e-02
1.11000e-01     -2.77198e-02
1.11500e-01     -2.77437e-02
1.12000e-01     -2.79076e-02
1.12500e-01     -2.82170e-02
1.13000e-01     -2.86739e-02
1.13500e-01     -2.92870e-02
1.14000e-01     -3.00445e-02
1.14500e-01     -3.09488e-02
1.15000e-01     -3.19852e-02
1.15500e-01     -3.31430e-02
1.16000e-01     -3.44194e-02
1.16500e-01     -3.57943e-02
1.17000e-01     -3.72574e-02
1.17500e-01     -3.87850e-02
1.18000e-01     -4.03591e-02
1.18500e-01     -4.19604e-02
1.19000e-01     -4.35698e-02
1.19500e-01     -4.51688e-02
1.20000e-01     -4.67325e-02
1.20500e-01     -4.82519e-02
1.21000e-01     -4.97116e-02
1.21500e-01     -5.10920e-02
1.22000e-01     -5.23850e-02
1.22500e-01     -5.35792e-02
1.23000e-01     -5.46603e-02
1.23500e-01     -5.56356e-02
1.24000e-01     -5.64959e-02
1.24500e-01     -5.72383e-02
1.25000e-01     -5.78603e-02
1.25500e-01     -5.83608e-02
1.26000e-01     -5.87471e-02
1.26500e-01     -5.90252e-02
1.27000e-01     -5.92031e-02
1.27500e-01     -5.92879e-02
1.28000e-01     -5.92844e-02
1.28500e-01     -5.92036e-02
1.29000e-01     -5.90552e-02
1.29500e-01     -5.88433e-02
1.30000e-01     -5.85860e-02
1.30500e-01     -5.82916e-02
1.31000e-01     -5.79716e-02
1.31500e-01     -5.76227e-02
1.32000e-01     -5.72686e-02
1.32500e-01     -5.69123e-02
1.33000e-01     -5.65604e-02
1.33500e-01     -5.62177e-02
1.34000e-01     -5.58897e-02
1.34500e-01     -5.55763e-02
1.35000e-01     -5.52796e-02
1.35500e-01     -5.49926e-02
1.36000e-01     -5.47262e-02
1.36500e-01     -5.44783e-02
1.37000e-01     -5.42360e-02
1.37500e-01     -5.40039e-02
1.38000e-01     -5.37731e-02
1.38500e-01     -5.35428e-02
1.39000e-01     -5.33191e-02
1.39500e-01     -5.30811e-02
1.40000e-01     -5.28382e-02
1.40500e-01     -5.25874e-02
1.41000e-01     -5.23171e-02
1.41500e-01     -5.20345e-02
1.42000e-01     -5.17433e-02
1.42500e-01     -5.14404e-02
1.43000e-01     -5.11197e-02
1.43500e-01     -5.07827e-02
1.44000e-01     -5.04376e-02
1.44500e-01     -5.00835e-02
1.45000e-01     -4.97196e-02
1.45500e-01     -4.93523e-02
1.46000e-01     -4.89885e-02
1.46500e-01     -4.86217e-02
1.47000e-01     -4.82498e-02
1.47500e-01     -4.78862e-02
1.48000e-01     -4.75256e-02
1.48500e-01     -4.71816e-02
1.49000e-01     -4.68482e-02
1.49500e-01     -4.65232e-02
1.50000e-01     -4.62086e-02
1.50500e-01     -4.59169e-02
1.51000e-01     -4.56416e-02
1.51500e-01     -4.53856e-02
1.52000e-01     -4.51410e-02
1.52500e-01     -4.49166e-02
1.53000e-01     -4.47186e-02
1.53500e-01     -4.45398e-02
1.54000e-01     -4.43815e-02
1.54500e-01     -4.42546e-02
1.55000e-01     -4.41536e-02
1.55500e-01     -4.40803e-02
1.56000e-01     -4.40408e-02
1.56500e-01     -4.40364e-02
1.57000e-01     -4.40704e-02
1.57500e-01     -4.41488e-02
1.58000e-01     -4.42613e-02
1.58500e-01     -4.44137e-02
1.59000e-01     -4.46130e-02
1.59500e-01     -4.48636e-02
1.60000e-01     -4.51524e-02
1.60500e-01     -4.54892e-02
1.61000e-01     -4.58771e-02
1.61500e-01     -4.63114e-02
1.62000e-01     -4.67878e-02
1.62500e-01     -4.73015e-02
1.63000e-01     -4.78449e-02
1.63500e-01     -4.84257e-02
1.64000e-01     -4.90340e-02
1.64500e-01     -4.96570e-02
1.65000e-01     -5.02959e-02
1.65500e-01     -5.09473e-02
1.66000e-01     -5.15933e-02
1.66500e-01     -5.22333e-02
1.67000e-01     -5.28551e-02
1.67500e-01     -5.34462e-02
1.68000e-01     -5.40057e-02
1.68500e-01     -5.45284e-02
1.69000e-01     -5.50079e-02
1.69500e-01     -5.54380e-02
1.70000e-01     -5.58125e-02
1.70500e-01     -5.61313e-02
1.71000e-01     -5.63809e-02
1.71500e-01     -5.65651e-02
1.72000e-01     -5.66801e-02
1.72500e-01     -5.67292e-02
1.73000e-01     -5.67066e-02
1.73500e-01     -5.66181e-02
1.74000e-01     -5.64580e-02
1.74500e-01     -5.62329e-02
1.75000e-01     -5.59399e-02
1.75500e-01     -5.55861e-02
1.76000e-01     -5.51761e-02
1.76500e-01     -5.47139e-02
1.77000e-01     -5.42121e-02
1.77500e-01     -5.36812e-02
1.78000e-01     -5.31284e-02
1.78500e-01     -5.25514e-02
1.79000e-01     -5.19698e-02
1.79500e-01     -5.13852e-02
1.80000e-01     -5.08200e-02
1.80500e-01     -5.02812e-02
1.81000e-01     -4.97718e-02
1.81500e-01     -4.92949e-02
1.82000e-01     -4.88694e-02
1.82500e-01     -4.85027e-02
1.83000e-01     -4.81954e-02
1.83500e-01     -4.79537e-02
1.84000e-01     -4.77772e-02
1.84500e-01     -4.76632e-02
1.85000e-01     -4.76119e-02
1.85500e-01     -4.76227e-02
1.86000e-01     -4.76897e-02
1.86500e-01     -4.78029e-02
1.87000e-01     -4.79609e-02
1.87500e-01     -4.81526e-02
1.88000e-01     -4.83672e-02
1.88500e-01     -4.85970e-02
1.89000e-01     -4.88235e-02
1.89500e-01     -4.90497e-02
1.90000e-01     -4.92635e-02
1.90500e-01     -4.94545e-02
1.91000e-01     -4.96109e-02
1.91500e-01     -4.97283e-02
1.92000e-01     -4.97992e-02
1.92500e-01     -4.98192e-02
1.93000e-01     -4.97828e-02
1.93500e-01     -4.96938e-02
1.94000e-01     -4.95468e-02
1.94500e-01     -4.93429e-02
1.95000e-01     -4.90822e-02
1.95500e-01     -4.87728e-02
1.96000e-01     -4.84199e-02
1.96500e-01     -4.80234e-02
1.97000e-01     -4.75988e-02
1.97500e-01     -4.71531e-02
1.98000e-01     -4.66933e-02
1.98500e-01     -4.62289e-02
1.99000e-01     -4.57723e-02
1.99500e-01     -4.53289e-02
2.00000e-01     -4.49069e-02
2.00500e-01     -4.45107e-02
2.01000e-01     -4.41588e-02
2.01500e-01     -4.38549e-02
2.02000e-01     -4.36041e-02
2.02500e-01     -4.34099e-02
2.03000e-01     -4.32756e-02
2.03500e-01     -4.32033e-02
2.04000e-01     -4.31967e-02
2.04500e-01     -4.32567e-02
2.05000e-01     -4.33767e-02
2.05500e-01     -4.35616e-02
2.06000e-01     -4.37946e-02
2.06500e-01     -4.40806e-02
2.07000e-01     -4.44083e-02
2.07500e-01     -4.47648e-02
2.08000e-01     -4.51513e-02
2.08500e-01     -4.55525e-02
2.09000e-01     -4.59575e-02
2.09500e-01     -4.63591e-02
2.10000e-01     -4.67456e-02
2.10500e-01     -4.71021e-02
2.11000e-01     -4.74205e-02
2.11500e-01     -4.76961e-02
2.12000e-01     -4.79168e-02
2.12500e-01     -4.80856e-02
2.13000e-01     -4.81931e-02
2.13500e-01     -4.82397e-02
2.14000e-01     -4.82256e-02
2.14500e-01     -4.81447e-02
2.15000e-01     -4.80014e-02
2.15500e-01     -4.78002e-02
2.16000e-01     -4.75479e-02
2.16500e-01     -4.72554e-02
2.17000e-01     -4.69199e-02
2.17500e-01     -4.65486e-02
2.18000e-01     -4.61522e-02
2.18500e-01     -4.57408e-02
2.19000e-01     -4.53210e-02
2.19500e-01     -4.49077e-02
2.20000e-01     -4.45013e-02
2.20500e-01     -4.41114e-02
2.21000e-01     -4.37475e-02
2.21500e-01     -4.34108e-02
2.22000e-01     -4.31052e-02
2.22500e-01     -4.28354e-02
2.23000e-01     -4.26066e-02
2.23500e-01     -4.24146e-02
2.24000e-01     -4.22647e-02
2.24500e-01     -4.21575e-02
2.25000e-01     -4.20879e-02
2.25500e-01     -4.20627e-02
2.26000e-01     -4.20728e-02
2.26500e-01     -4.21226e-02
2.27000e-01     -4.22085e-02
2.27500e-01     -4.23243e-02
2.28000e-01     -4.24726e-02
2.28500e-01     -4.26523e-02
2.29000e-01     -4.28588e-02
2.29500e-01     -4.30949e-02
2.30000e-01     -4.33598e-02
2.30500e-01     -4.36530e-02
2.31000e-01     -4.39721e-02
2.31500e-01     -4.43280e-02
2.32000e-01     -4.46965e-02
2.32500e-01     -4.50944e-02
2.33000e-01     -4.55199e-02
2.33500e-01     -4.59712e-02
2.34000e-01     -4.64559e-02
2.34500e-01     -4.69704e-02
2.35000e-01     -4.75091e-02
2.35500e-01     -4.80756e-02
2.36000e-01     -4.86699e-02
2.36500e-01     -4.92882e-02
2.37000e-01     -4.99263e-02
2.37500e-01     -5.05703e-02
2.38000e-01     -5.12240e-02
2.38500e-01     -5.18877e-02
2.39000e-01     -5.25461e-02
2.39500e-01     -5.31987e-02
2.40000e-01     -5.38414e-02
2.40500e-01     -5.44682e-02
2.41000e-01     -5.50647e-02
2.41500e-01     -5.56297e-02
2.42000e-01     -5.61574e-02
2.42500e-01     -5.66446e-02
2.43000e-01     -5.70828e-02
2.43500e-01     -5.74754e-02
2.44000e-01     -5.78135e-02
2.44500e-01     -5.80862e-02
2.45000e-01     -5.82942e-02
2.45500e-01     -5.84363e-02
2.46000e-01     -5.85041e-02
2.46500e-01     -5.85027e-02
2.47000e-01     -5.84305e-02
2.47500e-01     -5.82787e-02
2.48000e-01     -5.80611e-02
2.48500e-01     -5.77710e-02
2.49000e-01     -5.74178e-02
2.49500e-01     -5.70056e-02
2.50000e-01     -5.65375e-02
2.50500e-01     -5.60234e-02
2.51000e-01     -5.54771e-02
2.51500e-01     -5.49060e-02
2.52000e-01     -5.43155e-02
2.52500e-01     -5.37183e-02
2.53000e-01     -5.31187e-02
2.53500e-01     -5.25328e-02
2.54000e-01     -5.19719e-02
2.54500e-01     -5.14406e-02
2.55000e-01     -5.09506e-02
2.55500e-01     -5.04970e-02
2.56000e-01     -5.01018e-02
2.56500e-01     -4.97577e-02
2.57000e-01     -4.94633e-02
2.57500e-01     -4.92201e-02
2.58000e-01     -4.90322e-02
2.58500e-01     -4.88884e-02
2.59000e-01     -4.87794e-02
2.59500e-01     -4.87096e-02
2.60000e-01     -4.86645e-02
2.60500e-01     -4.86391e-02
2.61000e-01     -4.86227e-02
2.61500e-01     -4.86076e-02
2.62000e-01     -4.85845e-02
2.62500e-01     -4.85442e-02
2.63000e-01     -4.84748e-02
2.63500e-01     -4.83735e-02
2.64000e-01     -4.82369e-02
2.64500e-01     -4.80561e-02
2.65000e-01     -4.78209e-02
2.65500e-01     -4.75310e-02
2.66000e-01     -4.71890e-02
2.66500e-01     -4.67941e-02
2.67000e-01     -4.63465e-02
2.67500e-01     -4.58510e-02
2.68000e-01     -4.53145e-02
2.68500e-01     -4.47467e-02
2.69000e-01     -4.41506e-02
2.69500e-01     -4.35375e-02
2.70000e-01     -4.29223e-02
2.70500e-01     -4.23099e-02
2.71000e-01     -4.17067e-02
2.71500e-01     -4.11370e-02
2.72000e-01     -4.06051e-02
2.72500e-01     -4.01209e-02
2.73000e-01     -3.96965e-02
2.73500e-01     -3.93430e-02
2.74000e-01     -3.90612e-02
2.74500e-01     -3.88618e-02
2.75000e-01     -3.87550e-02
2.75500e-01     -3.87411e-02
2.76000e-01     -3.88234e-02
2.76500e-01     -3.90039e-02
2.77000e-01     -3.92806e-02
2.77500e-01     -3.96420e-02
2.78000e-01     -4.00889e-02
2.78500e-01     -4.06130e-02
2.79000e-01     -4.12036e-02
2.79500e-01     -4.18502e-02
2.80000e-01     -4.25452e-02
2.80500e-01     -4.32716e-02
2.81000e-01     -4.40167e-02
2.81500e-01     -4.47698e-02
2.82000e-01     -4.55096e-02
2.82500e-01     -4.62213e-02
2.83000e-01     -4.68925e-02
2.83500e-01     -4.75173e-02
2.84000e-01     -4.80821e-02
2.84500e-01     -4.85792e-02
2.85000e-01     -4.89971e-02
2.85500e-01     -4.93305e-02
2.86000e-01     -4.95811e-02
2.86500e-01     -4.97467e-02
2.87000e-01     -4.98240e-02
2.87500e-01     -4.98147e-02
2.88000e-01     -4.97205e-02
2.88500e-01     -4.95526e-02
2.89000e-01     -4.93175e-02
2.89500e-01     -4.90212e-02
2.90000e-01     -4.86706e-02
2.90500e-01     -4.82819e-02
2.91000e-01     -4.78600e-02
2.91500e-01     -4.74181e-02
2.92000e-01     -4.69654e-02
2.92500e-01     -4.65120e-02
2.93000e-01     -4.60683e-02
2.93500e-01     -4.56405e-02
2.94000e-01     -4.52357e-02
2.94500e-01     -4.48558e-02
2.95000e-01     -4.45125e-02
2.95500e-01     -4.42032e-02
2.96000e-01     -4.39362e-02
2.96500e-01     -4.37075e-02
2.97000e-01     -4.35238e-02
2.97500e-01     -4.33872e-02
2.98000e-01     -4.32948e-02
2.98500e-01     -4.32388e-02
2.99000e-01     -4.32203e-02
2.99500e-01     -4.32427e-02
3.00000e-01     -4.33042e-02
3.00500e-01     -4.34044e-02
3.01000e-01     -4.35380e-02
3.01500e-01     -4.37033e-02
3.02000e-01     -4.39004e-02
3.02500e-01     -4.41289e-02
3.03000e-01     -4.43846e-02
3.03500e-01     -4.46652e-02
3.04000e-01     -4.49773e-02
3.04500e-01     -4.53152e-02
3.05000e-01     -4.56821e-02
3.05500e-01     -4.60742e-02
3.06000e-01     -4.64904e-02
3.06500e-01     -4.69257e-02
3.07000e-01     -4.73874e-02
3.07500e-01     -4.78716e-02
3.08000e-01     -4.83728e-02
3.08500e-01     -4.88848e-02
3.09000e-01     -4.94087e-02
3.09500e-01     -4.99365e-02
3.10000e-01     -5.04696e-02
3.10500e-01     -5.09999e-02
3.11000e-01     -5.15236e-02
3.11500e-01     -5.20352e-02
3.12000e-01     -5.25385e-02
3.12500e-01     -5.30170e-02
3.13000e-01     -5.34701e-02
3.13500e-01     -5.38935e-02
3.14000e-01     -5.42868e-02
3.14500e-01     -5.46455e-02
3.15000e-01     -5.49663e-02
3.15500e-01     -5.52389e-02
3.16000e-01     -5.54620e-02
3.16500e-01     -5.56319e-02
3.17000e-01     -5.57468e-02
3.17500e-01     -5.58019e-02
3.18000e-01     -5.57962e-02
3.18500e-01     -5.57346e-02
3.19000e-01     -5.56069e-02
3.19500e-01     -5.54249e-02
3.20000e-01     -5.51842e-02
3.20500e-01     -5.48919e-02
3.21000e-01     -5.45568e-02
3.21500e-01     -5.41795e-02
3.22000e-01     -5.37683e-02
3.22500e-01     -5.33349e-02
3.23000e-01     -5.28799e-02
3.23500e-01     -5.24141e-02
3.24000e-01     -5.19459e-02
3.24500e-01     -5.14864e-02
3.25000e-01     -5.10419e-02
3.25500e-01     -5.06209e-02
3.26000e-01     -5.02294e-02
3.26500e-01     -4.98731e-02
3.27000e-01     -4.95585e-02
3.27500e-01     -4.92887e-02
3.28000e-01     -4.90566e-02
3.28500e-01     -4.88722e-02
3.29000e-01     -4.87274e-02
3.29500e-01     -4.86230e-02
3.30000e-01     -4.85542e-02
3.30500e-01     -4.85202e-02
3.31000e-01     -4.85117e-02
3.31500e-01     -4.85189e-02
3.32000e-01     -4.85366e-02
3.32500e-01     -4.85575e-02
3.33000e-01     -4.85734e-02
3.33500e-01     -4.85746e-02
3.34000e-01     -4.85569e-02
3.34500e-01     -4.85136e-02
3.35000e-01     -4.84378e-02
3.35500e-01     -4.83236e-02
3.36000e-01     -4.81673e-02
3.36500e-01     -4.79675e-02
3.37000e-01     -4.77191e-02
3.37500e-01     -4.74236e-02
3.38000e-01     -4.70821e-02
3.38500e-01     -4.66977e-02
3.39000e-01     -4.62767e-02
3.39500e-01     -4.58169e-02
3.40000e-01     -4.53370e-02
3.40500e-01     -4.48405e-02
3.41000e-01     -4.43320e-02
3.41500e-01     -4.38198e-02
3.42000e-01     -4.33186e-02
3.42500e-01     -4.28354e-02
3.43000e-01     -4.23813e-02
3.43500e-01     -4.19645e-02
3.44000e-01     -4.15919e-02
3.44500e-01     -4.12763e-02
3.45000e-01     -4.10248e-02
3.45500e-01     -4.08446e-02
3.46000e-01     -4.07410e-02
3.46500e-01     -4.07187e-02
3.47000e-01     -4.07815e-02
3.47500e-01     -4.09281e-02
3.48000e-01     -4.11521e-02
3.48500e-01     -4.14625e-02
3.49000e-01     -4.18473e-02
3.49500e-01     -4.22957e-02
3.50000e-01     -4.28082e-02
3.50500e-01     -4.33749e-02
3.51000e-01     -4.39705e-02
3.51500e-01     -4.46064e-02
3.52000e-01     -4.52583e-02
3.52500e-01     -4.59035e-02
3.53000e-01     -4.65391e-02
3.53500e-01     -4.71463e-02
3.54000e-01     -4.77276e-02
3.54500e-01     -4.82567e-02
3.55000e-01     -4.87305e-02
3.55500e-01     -4.91409e-02
3.56000e-01     -4.94804e-02
3.56500e-01     -4.97415e-02
3.57000e-01     -4.99206e-02
3.57500e-01     -5.00136e-02
3.58000e-01     -5.00232e-02
3.58500e-01     -4.99539e-02
3.59000e-01     -4.98042e-02
3.59500e-01     -4.95762e-02
3.60000e-01     -4.92845e-02
3.60500e-01     -4.89342e-02
3.61000e-01     -4.85286e-02
3.61500e-01     -4.80777e-02
3.62000e-01     -4.75950e-02
3.62500e-01     -4.70896e-02
3.63000e-01     -4.65727e-02
3.63500e-01     -4.60511e-02
3.64000e-01     -4.55340e-02
3.64500e-01     -4.50300e-02
3.65000e-01     -4.45514e-02
3.65500e-01     -4.40908e-02
3.66000e-01     -4.36623e-02
3.66500e-01     -4.32706e-02
3.67000e-01     -4.29162e-02
3.67500e-01     -4.26046e-02
3.68000e-01     -4.23433e-02
3.68500e-01     -4.21335e-02
3.69000e-01     -4.19689e-02
3.69500e-01     -4.18478e-02
3.70000e-01     -4.17747e-02
3.70500e-01     -4.17508e-02
3.71000e-01     -4.17742e-02
3.71500e-01     -4.18471e-02
3.72000e-01     -4.19614e-02
3.72500e-01     -4.21193e-02
3.73000e-01     -4.23166e-02
3.73500e-01     -4.25473e-02
3.74000e-01     -4.28242e-02
3.74500e-01     -4.31377e-02
3.75000e-01     -4.34845e-02
3.75500e-01     -4.38619e-02
3.76000e-01     -4.42687e-02
3.76500e-01     -4.47001e-02
3.77000e-01     -4.51585e-02
3.77500e-01     -4.56412e-02
3.78000e-01     -4.61392e-02
3.78500e-01     -4.66553e-02
3.79000e-01     -4.71803e-02
3.79500e-01     -4.77141e-02
3.80000e-01     -4.82509e-02
3.80500e-01     -4.87867e-02
3.81000e-01     -4.93155e-02
3.81500e-01     -4.98354e-02
3.82000e-01     -5.03434e-02
3.82500e-01     -5.08366e-02
3.83000e-01     -5.13114e-02
3.83500e-01     -5.17659e-02
3.84000e-01     -5.21966e-02
3.84500e-01     -5.25994e-02
3.85000e-01     -5.29644e-02
3.85500e-01     -5.32949e-02
3.86000e-01     -5.35851e-02
3.86500e-01     -5.38308e-02
3.87000e-01     -5.40322e-02
3.87500e-01     -5.41856e-02
3.88000e-01     -5.42876e-02
3.88500e-01     -5.43417e-02
3.89000e-01     -5.43453e-02
3.89500e-01     -5.42937e-02
3.90000e-01     -5.41901e-02
3.90500e-01     -5.40433e-02
3.91000e-01     -5.38513e-02
3.91500e-01     -5.36230e-02
3.92000e-01     -5.33620e-02
3.92500e-01     -5.30740e-02
3.93000e-01     -5.27637e-02
3.93500e-01     -5.24399e-02
3.94000e-01     -5.21084e-02
3.94500e-01     -5.17751e-02
3.95000e-01     -5.14467e-02
3.95500e-01     -5.11348e-02
3.96000e-01     -5.08475e-02
3.96500e-01     -5.05831e-02
3.97000e-01     -5.03508e-02
3.97500e-01     -5.01451e-02
3.98000e-01     -4.99760e-02
3.98500e-01     -4.98417e-02
3.99000e-01     -4.97428e-02
3.99500e-01     -4.96748e-02
4.00000e-01     -4.96375e-02
4.00500e-01     -4.96279e-02
4.01000e-01     -4.96400e-02
4.01500e-01     -4.96674e-02
4.02000e-01     -4.97035e-02
4.02500e-01     -4.97435e-02
4.03000e-01     -4.97770e-02
4.03500e-01     -4.97998e-02
4.04000e-01     -4.98038e-02
4.04500e-01     -4.97862e-02
4.05000e-01     -4.97400e-02
4.05500e-01     -4.96561e-02
4.06000e-01     -4.95369e-02
4.06500e-01     -4.93757e-02
4.07000e-01     -4.91714e-02
4.07500e-01     -4.89221e-02
4.08000e-01     -4.86245e-02
4.08500e-01     -4.82898e-02
4.09000e-01     -4.79157e-02
4.09500e-01     -4.75036e-02
4.10000e-01     -4.70620e-02
4.10500e-01     -4.65991e-02
4.11000e-01     -4.61188e-02
4.11500e-01     -4.56312e-02
4.12000e-01     -4.51420e-02
4.12500e-01     -4.46597e-02
4.13000e-01     -4.41954e-02
4.13500e-01     -4.37537e-02
4.14000e-01     -4.33487e-02
4.14500e-01     -4.29874e-02
4.15000e-01     -4.26775e-02
4.15500e-01     -4.24245e-02
4.16000e-01     -4.22364e-02
4.16500e-01     -4.21183e-02
4.17000e-01     -4.20706e-02
4.17500e-01     -4.20982e-02
4.18000e-01     -4.22013e-02
4.18500e-01     -4.23733e-02
4.19000e-01     -4.26146e-02
4.19500e-01     -4.29153e-02
4.20000e-01     -4.32732e-02
4.20500e-01     -4.36793e-02
4.21000e-01     -4.41316e-02
4.21500e-01     -4.46014e-02
4.22000e-01     -4.50882e-02
4.22500e-01     -4.55884e-02
4.23000e-01     -4.60737e-02
4.23500e-01     -4.65464e-02
4.24000e-01     -4.69868e-02
4.24500e-01     -4.73937e-02
4.25000e-01     -4.77534e-02
4.25500e-01     -4.80621e-02
4.26000e-01     -4.83040e-02
4.26500e-01     -4.84798e-02
4.27000e-01     -4.85790e-02
4.27500e-01     -4.86064e-02
4.28000e-01     -4.85630e-02
4.28500e-01     -4.84455e-02
4.29000e-01     -4.82538e-02
4.29500e-01     -4.79977e-02
4.30000e-01     -4.76839e-02
4.30500e-01     -4.73152e-02
4.31000e-01     -4.68979e-02
4.31500e-01     -4.64429e-02
4.32000e-01     -4.59527e-02
4.32500e-01     -4.54446e-02
4.33000e-01     -4.49241e-02
4.33500e-01     -4.44022e-02
4.34000e-01     -4.38904e-02
4.34500e-01     -4.33916e-02
4.35000e-01     -4.29126e-02
4.35500e-01     -4.24632e-02
4.36000e-01     -4.20458e-02
4.36500e-01     -4.16651e-02
4.37000e-01     -4.13258e-02
4.37500e-01     -4.10343e-02
4.38000e-01     -4.07926e-02
4.38500e-01     -4.05997e-02
4.39000e-01     -4.04609e-02
4.39500e-01     -4.03727e-02
4.40000e-01     -4.03397e-02
4.40500e-01     -4.03597e-02
4.41000e-01     -4.04301e-02
4.41500e-01     -4.05536e-02
4.42000e-01     -4.07268e-02
4.42500e-01     -4.09419e-02
4.43000e-01     -4.12089e-02
4.43500e-01     -4.15195e-02
4.44000e-01     -4.18710e-02
4.44500e-01     -4.22621e-02
4.45000e-01     -4.26861e-02
4.45500e-01     -4.31430e-02
4.46000e-01     -4.36340e-02
4.46500e-01     -4.41462e-02
4.47000e-01     -4.46786e-02
4.47500e-01     -4.52365e-02
4.48000e-01     -4.58064e-02
4.48500e-01     -4.63842e-02
4.49000e-01     -4.69704e-02
4.49500e-01     -4.75592e-02
4.50000e-01     -4.81448e-02
4.50500e-01     -4.87237e-02
4.51000e-01     -4.92972e-02
4.51500e-01     -4.98545e-02
4.52000e-01     -5.03992e-02
4.52500e-01     -5.09264e-02
4.53000e-01     -5.14331e-02
4.53500e-01     -5.19166e-02
4.54000e-01     -5.23693e-02
4.54500e-01     -5.27904e-02
4.55000e-01     -5.31801e-02
4.55500e-01     -5.35319e-02
4.56000e-01     -5.38432e-02
4.56500e-01     -5.41151e-02
4.57000e-01     -5.43412e-02
4.57500e-01     -5.45166e-02
4.58000e-01     -5.46480e-02
4.58500e-01     -5.47290e-02
4.59000e-01     -5.47580e-02
4.59500e-01     -5.47349e-02
4.60000e-01     -5.46700e-02
4.60500e-01     -5.45570e-02
4.61000e-01     -5.44032e-02
4.61500e-01     -5.42132e-02
4.62000e-01     -5.39891e-02
4.62500e-01     -5.37356e-02
4.63000e-01     -5.34661e-02
4.63500e-01     -5.31779e-02
4.64000e-01     -5.28834e-02
4.64500e-01     -5.25832e-02
4.65000e-01     -5.22938e-02
4.65500e-01     -5.20148e-02
4.66000e-01     -5.17505e-02
4.66500e-01     -5.15087e-02
4.67000e-01     -5.12892e-02
4.67500e-01     -5.10977e-02
4.68000e-01     -5.09345e-02
4.68500e-01     -5.08014e-02
4.69000e-01     -5.06961e-02
4.69500e-01     -5.06182e-02
4.70000e-01     -5.05636e-02
4.70500e-01     -5.05274e-02
4.71000e-01     -5.05118e-02
4.71500e-01     -5.05036e-02
4.72000e-01     -5.04987e-02
4.72500e-01     -5.04943e-02
4.73000e-01     -5.04818e-02
4.73500e-01     -5.04555e-02
4.74000e-01     -5.04124e-02
4.74500e-01     -5.03441e-02
4.75000e-01     -5.02446e-02
4.75500e-01     -5.01085e-02
4.76000e-01     -4.99352e-02
4.76500e-01     -4.97267e-02
4.77000e-01     -4.94768e-02
4.77500e-01     -4.91849e-02
4.78000e-01     -4.88486e-02
4.78500e-01     -4.84766e-02
4.79000e-01     -4.80677e-02
4.79500e-01     -4.76240e-02
4.80000e-01     -4.71524e-02
4.80500e-01     -4.66620e-02
4.81000e-01     -4.61574e-02
4.81500e-01     -4.56483e-02
4.82000e-01     -4.51394e-02
4.82500e-01     -4.46409e-02
4.83000e-01     -4.41580e-02
4.83500e-01     -4.37016e-02
4.84000e-01     -4.32820e-02
4.84500e-01     -4.29054e-02
4.85000e-01     -4.25791e-02
4.85500e-01     -4.23058e-02
4.86000e-01     -4.20986e-02
4.86500e-01     -4.19602e-02
4.87000e-01     -4.18896e-02
4.87500e-01     -4.18884e-02
4.88000e-01     -4.19565e-02
4.88500e-01     -4.20888e-02
4.89000e-01     -4.22827e-02
4.89500e-01     -4.25301e-02
4.90000e-01     -4.28344e-02
4.90500e-01     -4.31756e-02
4.91000e-01     -4.35485e-02
4.91500e-01     -4.39402e-02
4.92000e-01     -4.43508e-02
4.92500e-01     -4.47607e-02
4.93000e-01     -4.51600e-02
4.93500e-01     -4.55414e-02
4.94000e-01     -4.58962e-02
