"Lift Convergence"
"Flow Time" "cl"
3.00000e-04     5.33468e-02
6.00000e-04     5.29934e-02
9.00000e-04     5.28609e-02
1.20000e-03     5.29042e-02
1.50000e-03     5.29695e-02
1.80000e-03     5.29861e-02
2.10000e-03     5.29286e-02
2.40000e-03     5.27978e-02
2.70000e-03     5.26056e-02
3.00000e-03     5.23721e-02
3.30000e-03     5.21225e-02
3.60000e-03     5.18818e-02
3.90000e-03     5.16670e-02
4.20000e-03     5.14902e-02
4.50000e-03     5.13526e-02
4.80000e-03     5.12487e-02
5.10000e-03     5.11670e-02
5.40000e-03     5.10962e-02
5.70000e-03     5.10227e-02
6.00000e-03     5.09396e-02
6.30000e-03     5.08480e-02
6.60000e-03     5.07484e-02
6.90000e-03     5.06426e-02
7.20000e-03     5.05359e-02
7.50000e-03     5.04346e-02
7.80000e-03     5.03461e-02
8.10000e-03     5.02700e-02
8.40000e-03     5.02052e-02
8.70000e-03     5.01513e-02
9.00000e-03     5.01051e-02
9.30000e-03     5.00637e-02
9.60000e-03     5.00259e-02
9.90000e-03     4.99902e-02
1.02000e-02     4.99546e-02
1.05000e-02     4.99215e-02
1.08000e-02     4.98914e-02
1.11000e-02     4.98640e-02
1.14000e-02     4.98430e-02
1.17000e-02     4.98261e-02
1.20000e-02     4.98162e-02
1.23000e-02     4.98131e-02
1.26000e-02     4.98166e-02
1.29000e-02     4.98207e-02
1.32000e-02     4.98311e-02
1.35000e-02     4.98398e-02
1.38000e-02     4.98523e-02
1.41000e-02     4.98639e-02
1.44000e-02     4.98777e-02
1.47000e-02     4.98909e-02
1.50000e-02     4.99062e-02
1.53000e-02     4.99242e-02
1.56000e-02     4.99401e-02
1.59000e-02     4.99608e-02
1.62000e-02     4.99804e-02
1.65000e-02     5.00037e-02
1.68000e-02     5.00301e-02
1.71000e-02     5.00561e-02
1.74000e-02     5.00870e-02
1.77000e-02     5.01220e-02
1.80000e-02     5.01629e-02
1.83000e-02     5.02089e-02
1.86000e-02     5.02603e-02
1.89000e-02     5.03185e-02
1.92000e-02     5.03847e-02
1.95000e-02     5.04603e-02
1.98000e-02     5.05434e-02
2.01000e-02     5.06376e-02
2.04000e-02     5.07432e-02
2.07000e-02     5.08595e-02
2.10000e-02     5.09872e-02
2.13000e-02     5.11248e-02
2.16000e-02     5.12732e-02
2.19000e-02     5.14321e-02
2.22000e-02     5.16007e-02
2.25000e-02     5.17795e-02
2.28000e-02     5.19663e-02
2.31000e-02     5.21626e-02
2.34000e-02     5.23664e-02
2.37000e-02     5.25757e-02
2.40000e-02     5.27902e-02
2.43000e-02     5.30080e-02
2.46000e-02     5.32281e-02
2.49000e-02     5.34495e-02
2.52000e-02     5.36697e-02
2.55000e-02     5.38891e-02
2.58000e-02     5.41040e-02
2.61000e-02     5.43144e-02
2.64000e-02     5.45185e-02
2.67000e-02     5.47144e-02
2.70000e-02     5.49040e-02
2.73000e-02     5.50845e-02
2.76000e-02     5.52539e-02
2.79000e-02     5.54118e-02
2.82000e-02     5.55603e-02
2.85000e-02     5.56996e-02
2.88000e-02     5.58270e-02
2.91000e-02     5.59429e-02
2.94000e-02     5.60483e-02
2.97000e-02     5.61439e-02
3.00000e-02     5.62296e-02
3.03000e-02     5.63066e-02
3.06000e-02     5.63741e-02
3.09000e-02     5.64354e-02
3.12000e-02     5.64910e-02
3.15000e-02     5.65427e-02
3.18000e-02     5.65906e-02
3.21000e-02     5.66353e-02
3.24000e-02     5.66760e-02
3.27000e-02     5.67157e-02
3.30000e-02     5.67549e-02
3.33000e-02     5.67929e-02
3.36000e-02     5.68328e-02
3.39000e-02     5.68741e-02
3.42000e-02     5.69167e-02
3.45000e-02     5.69605e-02
3.48000e-02     5.70075e-02
3.51000e-02     5.70567e-02
3.54000e-02     5.71071e-02
3.57000e-02     5.71593e-02
3.60000e-02     5.72132e-02
3.63000e-02     5.72711e-02
3.66000e-02     5.73286e-02
3.69000e-02     5.73869e-02
3.72000e-02     5.74459e-02
3.75000e-02     5.75042e-02
3.78000e-02     5.75604e-02
3.81000e-02     5.76174e-02
3.84000e-02     5.76716e-02
3.87000e-02     5.77236e-02
3.90000e-02     5.77751e-02
3.93000e-02     5.78218e-02
3.96000e-02     5.78675e-02
3.99000e-02     5.79084e-02
4.02000e-02     5.79453e-02
4.05000e-02     5.79795e-02
4.08000e-02     5.80089e-02
4.11000e-02     5.80371e-02
4.14000e-02     5.80621e-02
4.17000e-02     5.80836e-02
4.20000e-02     5.81034e-02
4.23000e-02     5.81204e-02
4.26000e-02     5.81331e-02
4.29000e-02     5.81438e-02
4.32000e-02     5.81540e-02
4.35000e-02     5.81624e-02
4.38000e-02     5.81686e-02
4.41000e-02     5.81738e-02
4.44000e-02     5.81803e-02
4.47000e-02     5.81855e-02
4.50000e-02     5.81908e-02
4.53000e-02     5.81961e-02
4.56000e-02     5.82014e-02
4.59000e-02     5.82084e-02
4.62000e-02     5.82181e-02
4.65000e-02     5.82268e-02
4.68000e-02     5.82368e-02
4.71000e-02     5.82468e-02
4.74000e-02     5.82594e-02
4.77000e-02     5.82746e-02
4.80000e-02     5.82904e-02
4.83000e-02     5.83085e-02
4.86000e-02     5.83276e-02
4.89000e-02     5.83478e-02
4.92000e-02     5.83672e-02
4.95000e-02     5.83904e-02
4.98000e-02     5.84133e-02
5.01000e-02     5.84371e-02
5.04000e-02     5.84586e-02
5.07000e-02     5.84830e-02
5.10000e-02     5.85044e-02
5.13000e-02     5.85274e-02
5.16000e-02     5.85483e-02
5.19000e-02     5.85678e-02
5.22000e-02     5.85839e-02
5.25000e-02     5.86029e-02
5.28000e-02     5.86173e-02
5.31000e-02     5.86296e-02
5.34000e-02     5.86412e-02
5.37000e-02     5.86482e-02
5.40000e-02     5.86521e-02
5.43000e-02     5.86532e-02
5.46000e-02     5.86513e-02
5.49000e-02     5.86456e-02
5.52000e-02     5.86355e-02
5.55000e-02     5.86262e-02
5.58000e-02     5.86083e-02
5.61000e-02     5.85854e-02
5.64000e-02     5.85649e-02
5.67000e-02     5.85366e-02
5.70000e-02     5.85024e-02
5.73000e-02     5.84642e-02
5.76000e-02     5.84233e-02
5.79000e-02     5.83834e-02
5.82000e-02     5.83357e-02
5.85000e-02     5.82856e-02
5.88000e-02     5.82381e-02
5.91000e-02     5.81857e-02
5.94000e-02     5.81331e-02
5.97000e-02     5.80774e-02
6.00000e-02     5.80210e-02
6.03000e-02     5.79647e-02
6.06000e-02     5.79086e-02
6.09000e-02     5.78534e-02
6.12000e-02     5.77965e-02
6.15000e-02     5.77422e-02
6.18000e-02     5.76882e-02
6.21000e-02     5.76370e-02
6.24000e-02     5.75883e-02
6.27000e-02     5.75430e-02
6.30000e-02     5.74987e-02
6.33000e-02     5.74572e-02
6.36000e-02     5.74178e-02
6.39000e-02     5.73829e-02
6.42000e-02     5.73511e-02
6.45000e-02     5.73231e-02
6.48000e-02     5.72975e-02
6.51000e-02     5.72750e-02
6.54000e-02     5.72529e-02
6.57000e-02     5.72360e-02
6.60000e-02     5.72215e-02
6.63000e-02     5.72095e-02
6.66000e-02     5.72000e-02
6.69000e-02     5.71924e-02
6.72000e-02     5.71862e-02
6.75000e-02     5.71824e-02
6.78000e-02     5.71785e-02
6.81000e-02     5.71752e-02
6.84000e-02     5.71729e-02
6.87000e-02     5.71690e-02
6.90000e-02     5.71663e-02
6.93000e-02     5.71627e-02
6.96000e-02     5.71611e-02
6.99000e-02     5.71557e-02
7.02000e-02     5.71497e-02
7.05000e-02     5.71415e-02
7.08000e-02     5.71334e-02
7.11000e-02     5.71241e-02
7.14000e-02     5.71133e-02
7.17000e-02     5.71009e-02
7.20000e-02     5.70868e-02
7.23000e-02     5.70712e-02
7.26000e-02     5.70538e-02
7.29000e-02     5.70365e-02
7.32000e-02     5.70160e-02
7.35000e-02     5.69961e-02
7.38000e-02     5.69760e-02
7.41000e-02     5.69535e-02
7.44000e-02     5.69300e-02
7.47000e-02     5.69067e-02
7.50000e-02     5.68838e-02
7.53000e-02     5.68589e-02
7.56000e-02     5.68353e-02
7.59000e-02     5.68129e-02
7.62000e-02     5.67902e-02
7.65000e-02     5.67681e-02
7.68000e-02     5.67456e-02
7.71000e-02     5.67253e-02
7.74000e-02     5.67057e-02
7.77000e-02     5.66880e-02
7.80000e-02     5.66707e-02
7.83000e-02     5.66532e-02
7.86000e-02     5.66373e-02
7.89000e-02     5.66212e-02
7.92000e-02     5.66059e-02
7.95000e-02     5.65918e-02
7.98000e-02     5.65788e-02
8.01000e-02     5.65688e-02
8.04000e-02     5.65566e-02
8.07000e-02     5.65439e-02
8.10000e-02     5.65321e-02
8.13000e-02     5.65213e-02
8.16000e-02     5.65109e-02
8.19000e-02     5.64988e-02
8.22000e-02     5.64874e-02
8.25000e-02     5.64756e-02
8.28000e-02     5.64614e-02
8.31000e-02     5.64503e-02
8.34000e-02     5.64380e-02
8.37000e-02     5.64246e-02
8.40000e-02     5.64120e-02
8.43000e-02     5.63972e-02
8.46000e-02     5.63815e-02
8.49000e-02     5.63653e-02
8.52000e-02     5.63500e-02
8.55000e-02     5.63339e-02
8.58000e-02     5.63151e-02
8.61000e-02     5.62962e-02
8.64000e-02     5.62770e-02
8.67000e-02     5.62577e-02
8.70000e-02     5.62373e-02
8.73000e-02     5.62176e-02
8.76000e-02     5.61986e-02
8.79000e-02     5.61800e-02
8.82000e-02     5.61610e-02
8.85000e-02     5.61420e-02
8.88000e-02     5.61237e-02
8.91000e-02     5.61059e-02
8.94000e-02     5.60884e-02
8.97000e-02     5.60716e-02
9.00000e-02     5.60552e-02
9.03000e-02     5.60401e-02
9.06000e-02     5.60247e-02
9.09000e-02     5.60125e-02
9.12000e-02     5.60011e-02
9.15000e-02     5.59904e-02
9.18000e-02     5.59805e-02
9.21000e-02     5.59721e-02
9.24000e-02     5.59636e-02
9.27000e-02     5.59572e-02
9.30000e-02     5.59525e-02
9.33000e-02     5.59493e-02
9.36000e-02     5.59470e-02
9.39000e-02     5.59469e-02
9.42000e-02     5.59466e-02
9.45000e-02     5.59462e-02
9.48000e-02     5.59473e-02
9.51000e-02     5.59500e-02
9.54000e-02     5.59527e-02
9.57000e-02     5.59550e-02
9.60000e-02     5.59587e-02
9.63000e-02     5.59647e-02
9.66000e-02     5.59712e-02
9.69000e-02     5.59762e-02
9.72000e-02     5.59816e-02
9.75000e-02     5.59865e-02
9.78000e-02     5.59925e-02
9.81000e-02     5.59984e-02
9.84000e-02     5.60032e-02
9.87000e-02     5.60073e-02
9.90000e-02     5.60111e-02
9.93000e-02     5.60140e-02
9.96000e-02     5.60171e-02
9.99000e-02     5.60195e-02
1.00200e-01     5.60220e-02
1.00500e-01     5.60233e-02
1.00800e-01     5.60258e-02
1.01100e-01     5.60270e-02
1.01400e-01     5.60252e-02
1.01700e-01     5.60250e-02
1.02000e-01     5.60263e-02
1.02300e-01     5.60253e-02
1.02600e-01     5.60239e-02
1.02900e-01     5.60229e-02
1.03200e-01     5.60210e-02
1.03500e-01     5.60178e-02
1.03800e-01     5.60159e-02
1.04100e-01     5.60139e-02
1.04400e-01     5.60119e-02
1.04700e-01     5.60094e-02
1.05000e-01     5.60078e-02
1.05300e-01     5.60065e-02
1.05600e-01     5.60054e-02
1.05900e-01     5.60047e-02
1.06200e-01     5.60043e-02
1.06500e-01     5.60045e-02
1.06800e-01     5.60039e-02
1.07100e-01     5.60043e-02
1.07400e-01     5.60053e-02
1.07700e-01     5.60063e-02
1.08000e-01     5.60082e-02
1.08300e-01     5.60102e-02
1.08600e-01     5.60132e-02
1.08900e-01     5.60167e-02
1.09200e-01     5.60205e-02
1.09500e-01     5.60244e-02
1.09800e-01     5.60287e-02
1.10100e-01     5.60330e-02
1.10400e-01     5.60379e-02
1.10700e-01     5.60431e-02
1.11000e-01     5.60473e-02
1.11300e-01     5.60528e-02
1.11600e-01     5.60586e-02
1.11900e-01     5.60642e-02
1.12200e-01     5.60695e-02
1.12500e-01     5.60748e-02
1.12800e-01     5.60802e-02
1.13100e-01     5.60854e-02
1.13400e-01     5.60907e-02
1.13700e-01     5.60951e-02
1.14000e-01     5.61011e-02
1.14300e-01     5.61062e-02
1.14600e-01     5.61108e-02
1.14900e-01     5.61153e-02
1.15200e-01     5.61202e-02
1.15500e-01     5.61256e-02
1.15800e-01     5.61308e-02
1.16100e-01     5.61359e-02
1.16400e-01     5.61410e-02
1.16700e-01     5.61463e-02
1.17000e-01     5.61519e-02
1.17300e-01     5.61577e-02
1.17600e-01     5.61639e-02
1.17900e-01     5.61703e-02
1.18200e-01     5.61770e-02
1.18500e-01     5.61835e-02
1.18800e-01     5.61912e-02
1.19100e-01     5.61993e-02
1.19400e-01     5.62075e-02
1.19700e-01     5.62173e-02
1.20000e-01     5.62267e-02
1.20300e-01     5.62357e-02
1.20600e-01     5.62471e-02
1.20900e-01     5.62577e-02
1.21200e-01     5.62695e-02
1.21500e-01     5.62810e-02
1.21800e-01     5.62913e-02
1.22100e-01     5.63034e-02
1.22400e-01     5.63158e-02
1.22700e-01     5.63289e-02
1.23000e-01     5.63417e-02
1.23300e-01     5.63551e-02
1.23600e-01     5.63692e-02
1.23900e-01     5.63829e-02
1.24200e-01     5.63963e-02
1.24500e-01     5.64101e-02
1.24800e-01     5.64215e-02
1.25100e-01     5.64352e-02
1.25400e-01     5.64489e-02
1.25700e-01     5.64620e-02
1.26000e-01     5.64749e-02
1.26300e-01     5.64872e-02
1.26600e-01     5.64991e-02
1.26900e-01     5.65104e-02
1.27200e-01     5.65215e-02
1.27500e-01     5.65322e-02
1.27800e-01     5.65423e-02
1.28100e-01     5.65533e-02
1.28400e-01     5.65620e-02
1.28700e-01     5.65701e-02
1.29000e-01     5.65780e-02
1.29300e-01     5.65844e-02
1.29600e-01     5.65923e-02
1.29900e-01     5.65991e-02
1.30200e-01     5.66050e-02
1.30500e-01     5.66112e-02
1.30800e-01     5.66164e-02
1.31100e-01     5.66216e-02
1.31400e-01     5.66267e-02
1.31700e-01     5.66318e-02
1.32000e-01     5.66349e-02
1.32300e-01     5.66393e-02
1.32600e-01     5.66439e-02
1.32900e-01     5.66482e-02
1.33200e-01     5.66535e-02
1.33500e-01     5.66572e-02
1.33800e-01     5.66607e-02
1.34100e-01     5.66644e-02
1.34400e-01     5.66682e-02
1.34700e-01     5.66722e-02
1.35000e-01     5.66771e-02
1.35300e-01     5.66823e-02
1.35600e-01     5.66864e-02
1.35900e-01     5.66906e-02
1.36200e-01     5.66953e-02
1.36500e-01     5.67001e-02
1.36800e-01     5.67053e-02
1.37100e-01     5.67107e-02
1.37400e-01     5.67163e-02
1.37700e-01     5.67220e-02
1.38000e-01     5.67280e-02
1.38300e-01     5.67341e-02
1.38600e-01     5.67406e-02
1.38900e-01     5.67456e-02
1.39200e-01     5.67528e-02
1.39500e-01     5.67596e-02
1.39800e-01     5.67671e-02
1.40100e-01     5.67733e-02
1.40400e-01     5.67792e-02
1.40700e-01     5.67856e-02
1.41000e-01     5.67911e-02
1.41300e-01     5.67976e-02
1.41600e-01     5.68048e-02
1.41900e-01     5.68083e-02
1.42200e-01     5.68168e-02
1.42500e-01     5.68220e-02
1.42800e-01     5.68266e-02
1.43100e-01     5.68320e-02
1.43400e-01     5.68370e-02
1.43700e-01     5.68421e-02
1.44000e-01     5.68457e-02
1.44300e-01     5.68510e-02
1.44600e-01     5.68555e-02
1.44900e-01     5.68593e-02
1.45200e-01     5.68643e-02
1.45500e-01     5.68681e-02
1.45800e-01     5.68736e-02
1.46100e-01     5.68769e-02
1.46400e-01     5.68799e-02
1.46700e-01     5.68829e-02
1.47000e-01     5.68852e-02
1.47300e-01     5.68893e-02
1.47600e-01     5.68945e-02
1.47900e-01     5.68979e-02
1.48200e-01     5.69019e-02
1.48500e-01     5.69042e-02
1.48800e-01     5.69070e-02
1.49100e-01     5.69089e-02
1.49400e-01     5.69129e-02
1.49700e-01     5.69155e-02
1.50000e-01     5.69183e-02
1.50300e-01     5.69212e-02
1.50600e-01     5.69233e-02
1.50900e-01     5.69277e-02
1.51200e-01     5.69321e-02
1.51500e-01     5.69365e-02
1.51800e-01     5.69385e-02
1.52100e-01     5.69400e-02
1.52400e-01     5.69440e-02
1.52700e-01     5.69484e-02
1.53000e-01     5.69505e-02
1.53300e-01     5.69521e-02
1.53600e-01     5.69561e-02
1.53900e-01     5.69606e-02
1.54200e-01     5.69624e-02
1.54500e-01     5.69633e-02
1.54800e-01     5.69669e-02
1.55100e-01     5.69710e-02
1.55400e-01     5.69725e-02
1.55700e-01     5.69730e-02
1.56000e-01     5.69761e-02
1.56300e-01     5.69796e-02
1.56600e-01     5.69796e-02
1.56900e-01     5.69830e-02
1.57200e-01     5.69840e-02
1.57500e-01     5.69842e-02
1.57800e-01     5.69862e-02
1.58100e-01     5.69876e-02
1.58400e-01     5.69901e-02
1.58700e-01     5.69893e-02
1.59000e-01     5.69915e-02
1.59300e-01     5.69919e-02
1.59600e-01     5.69927e-02
1.59900e-01     5.69933e-02
1.60200e-01     5.69939e-02
1.60500e-01     5.69947e-02
1.60800e-01     5.69961e-02
1.61100e-01     5.69933e-02
1.61400e-01     5.69962e-02
1.61700e-01     5.69979e-02
1.62000e-01     5.69997e-02
1.62300e-01     5.70003e-02
1.62600e-01     5.70017e-02
1.62900e-01     5.70015e-02
1.63200e-01     5.70017e-02
1.63500e-01     5.70047e-02
1.63800e-01     5.70080e-02
1.64100e-01     5.70112e-02
1.64400e-01     5.70119e-02
1.64700e-01     5.70126e-02
1.65000e-01     5.70159e-02
1.65300e-01     5.70197e-02
1.65600e-01     5.70202e-02
1.65900e-01     5.70245e-02
1.66200e-01     5.70274e-02
1.66500e-01     5.70287e-02
1.66800e-01     5.70323e-02
1.67100e-01     5.70355e-02
1.67400e-01     5.70381e-02
1.67700e-01     5.70397e-02
1.68000e-01     5.70448e-02
1.68300e-01     5.70477e-02
1.68600e-01     5.70501e-02
1.68900e-01     5.70528e-02
1.69200e-01     5.70541e-02
1.69500e-01     5.70583e-02
1.69800e-01     5.70601e-02
1.70100e-01     5.70601e-02
1.70400e-01     5.70630e-02
1.70700e-01     5.70658e-02
1.71000e-01     5.70688e-02
1.71300e-01     5.70679e-02
1.71600e-01     5.70701e-02
1.71900e-01     5.70693e-02
1.72200e-01     5.70700e-02
1.72500e-01     5.70710e-02
1.72800e-01     5.70715e-02
1.73100e-01     5.70712e-02
1.73400e-01     5.70698e-02
1.73700e-01     5.70695e-02
1.74000e-01     5.70690e-02
1.74300e-01     5.70693e-02
1.74600e-01     5.70677e-02
1.74900e-01     5.70658e-02
1.75200e-01     5.70637e-02
1.75500e-01     5.70628e-02
1.75800e-01     5.70584e-02
1.76100e-01     5.70577e-02
1.76400e-01     5.70546e-02
1.76700e-01     5.70502e-02
1.77000e-01     5.70460e-02
1.77300e-01     5.70453e-02
1.77600e-01     5.70449e-02
1.77900e-01     5.70418e-02
1.78200e-01     5.70382e-02
1.78500e-01     5.70369e-02
1.78800e-01     5.70350e-02
1.79100e-01     5.70307e-02
1.79400e-01     5.70304e-02
1.79700e-01     5.70269e-02
1.80000e-01     5.70264e-02
1.80300e-01     5.70228e-02
1.80600e-01     5.70225e-02
1.80900e-01     5.70191e-02
1.81200e-01     5.70191e-02
1.81500e-01     5.70160e-02
1.81800e-01     5.70165e-02
1.82100e-01     5.70146e-02
1.82400e-01     5.70152e-02
1.82700e-01     5.70126e-02
1.83000e-01     5.70136e-02
1.83300e-01     5.70114e-02
1.83600e-01     5.70127e-02
1.83900e-01     5.70101e-02
1.84200e-01     5.70121e-02
1.84500e-01     5.70110e-02
1.84800e-01     5.70118e-02
1.85100e-01     5.70128e-02
1.85400e-01     5.70136e-02
1.85700e-01     5.70143e-02
1.86000e-01     5.70143e-02
1.86300e-01     5.70162e-02
1.86600e-01     5.70166e-02
1.86900e-01     5.70179e-02
1.87200e-01     5.70187e-02
1.87500e-01     5.70179e-02
1.87800e-01     5.70203e-02
1.88100e-01     5.70201e-02
1.88400e-01     5.70229e-02
1.88700e-01     5.70225e-02
1.89000e-01     5.70253e-02
1.89300e-01     5.70259e-02
1.89600e-01     5.70257e-02
1.89900e-01     5.70274e-02
1.90200e-01     5.70295e-02
1.90500e-01     5.70289e-02
1.90800e-01     5.70312e-02
1.91100e-01     5.70314e-02
1.91400e-01     5.70312e-02
1.91700e-01     5.70305e-02
1.92000e-01     5.70328e-02
1.92300e-01     5.70330e-02
1.92600e-01     5.70331e-02
1.92900e-01     5.70327e-02
1.93200e-01     5.70337e-02
1.93500e-01     5.70349e-02
1.93800e-01     5.70357e-02
1.94100e-01     5.70368e-02
1.94400e-01     5.70362e-02
1.94700e-01     5.70347e-02
1.95000e-01     5.70366e-02
1.95300e-01     5.70363e-02
1.95600e-01     5.70353e-02
1.95900e-01     5.70342e-02
1.96200e-01     5.70362e-02
1.96500e-01     5.70359e-02
1.96800e-01     5.70351e-02
1.97100e-01     5.70349e-02
1.97400e-01     5.70344e-02
1.97700e-01     5.70332e-02
1.98000e-01     5.70347e-02
1.98300e-01     5.70340e-02
1.98600e-01     5.70339e-02
1.98900e-01     5.70337e-02
1.99200e-01     5.70332e-02
1.99500e-01     5.70318e-02
1.99800e-01     5.70331e-02
2.00100e-01     5.70324e-02
2.00400e-01     5.70320e-02
2.00700e-01     5.70313e-02
2.01000e-01     5.70318e-02
2.01300e-01     5.70316e-02
2.01600e-01     5.70305e-02
2.01900e-01     5.70289e-02
2.02200e-01     5.70306e-02
2.02500e-01     5.70299e-02
2.02800e-01     5.70286e-02
2.03100e-01     5.70266e-02
2.03400e-01     5.70283e-02
2.03700e-01     5.70277e-02
2.04000e-01     5.70272e-02
2.04300e-01     5.70258e-02
2.04600e-01     5.70274e-02
2.04900e-01     5.70268e-02
2.05200e-01     5.70257e-02
2.05500e-01     5.70243e-02
2.05800e-01     5.70263e-02
2.06100e-01     5.70248e-02
2.06400e-01     5.70247e-02
2.06700e-01     5.70242e-02
2.07000e-01     5.70276e-02
2.07300e-01     5.70277e-02
2.07600e-01     5.70262e-02
2.07900e-01     5.70248e-02
2.08200e-01     5.70270e-02
2.08500e-01     5.70265e-02
2.08800e-01     5.70262e-02
2.09100e-01     5.70255e-02
2.09400e-01     5.70279e-02
2.09700e-01     5.70279e-02
2.10000e-01     5.70304e-02
2.10300e-01     5.70303e-02
2.10600e-01     5.70325e-02
2.10900e-01     5.70329e-02
2.11200e-01     5.70331e-02
2.11500e-01     5.70356e-02
2.11800e-01     5.70373e-02
2.12100e-01     5.70405e-02
2.12400e-01     5.70419e-02
2.12700e-01     5.70430e-02
2.13000e-01     5.70436e-02
2.13300e-01     5.70464e-02
2.13600e-01     5.70496e-02
2.13900e-01     5.70527e-02
2.14200e-01     5.70535e-02
2.14500e-01     5.70567e-02
2.14800e-01     5.70603e-02
2.15100e-01     5.70633e-02
2.15400e-01     5.70676e-02
2.15700e-01     5.70688e-02
2.16000e-01     5.70726e-02
2.16300e-01     5.70763e-02
2.16600e-01     5.70804e-02
2.16900e-01     5.70823e-02
2.17200e-01     5.70841e-02
2.17500e-01     5.70880e-02
2.17800e-01     5.70918e-02
2.18100e-01     5.70954e-02
2.18400e-01     5.70990e-02
2.18700e-01     5.71021e-02
2.19000e-01     5.71065e-02
2.19300e-01     5.71078e-02
2.19600e-01     5.71111e-02
2.19900e-01     5.71146e-02
2.20200e-01     5.71179e-02
2.20500e-01     5.71211e-02
2.20800e-01     5.71241e-02
2.21100e-01     5.71271e-02
2.21400e-01     5.71299e-02
2.21700e-01     5.71327e-02
2.22000e-01     5.71353e-02
2.22300e-01     5.71380e-02
2.22600e-01     5.71415e-02
2.22900e-01     5.71438e-02
2.23200e-01     5.71459e-02
2.23500e-01     5.71481e-02
2.23800e-01     5.71504e-02
2.24100e-01     5.71527e-02
2.24400e-01     5.71550e-02
2.24700e-01     5.71573e-02
2.25000e-01     5.71594e-02
2.25300e-01     5.71615e-02
2.25600e-01     5.71637e-02
2.25900e-01     5.71659e-02
2.26200e-01     5.71681e-02
2.26500e-01     5.71717e-02
2.26800e-01     5.71737e-02
2.27100e-01     5.71756e-02
2.27400e-01     5.71776e-02
2.27700e-01     5.71798e-02
2.28000e-01     5.71823e-02
2.28300e-01     5.71847e-02
2.28600e-01     5.71873e-02
