"Drag Convergence"
"Flow Time" "cd"
3.00000e-04     6.10291e-01
6.00000e-04     6.05822e-01
9.00000e-04     6.06906e-01
1.20000e-03     6.07245e-01
1.50000e-03     6.07285e-01
1.80000e-03     6.07254e-01
2.10000e-03     6.07236e-01
2.40000e-03     6.07260e-01
2.70000e-03     6.07331e-01
3.00000e-03     6.07438e-01
3.30000e-03     6.07561e-01
3.60000e-03     6.07678e-01
3.90000e-03     6.07770e-01
4.20000e-03     6.07828e-01
4.50000e-03     6.07850e-01
4.80000e-03     6.07842e-01
5.10000e-03     6.07817e-01
5.40000e-03     6.07786e-01
5.70000e-03     6.07761e-01
6.00000e-03     6.07747e-01
6.30000e-03     6.07750e-01
6.60000e-03     6.07769e-01
6.90000e-03     6.07792e-01
7.20000e-03     6.07821e-01
7.50000e-03     6.07849e-01
7.80000e-03     6.07868e-01
8.10000e-03     6.07875e-01
8.40000e-03     6.07870e-01
8.70000e-03     6.07847e-01
9.00000e-03     6.07813e-01
9.30000e-03     6.07769e-01
9.60000e-03     6.07715e-01
9.90000e-03     6.07654e-01
1.02000e-02     6.07595e-01
1.05000e-02     6.07527e-01
1.08000e-02     6.07456e-01
1.11000e-02     6.07381e-01
1.14000e-02     6.07301e-01
1.17000e-02     6.07224e-01
1.20000e-02     6.07138e-01
1.23000e-02     6.07047e-01
1.26000e-02     6.06952e-01
1.29000e-02     6.06863e-01
1.32000e-02     6.06769e-01
1.35000e-02     6.06685e-01
1.38000e-02     6.06605e-01
1.41000e-02     6.06532e-01
1.44000e-02     6.06472e-01
1.47000e-02     6.06424e-01
1.50000e-02     6.06389e-01
1.53000e-02     6.06365e-01
1.56000e-02     6.06362e-01
1.59000e-02     6.06365e-01
1.62000e-02     6.06386e-01
1.65000e-02     6.06415e-01
1.68000e-02     6.06451e-01
1.71000e-02     6.06502e-01
1.74000e-02     6.06557e-01
1.77000e-02     6.06616e-01
1.80000e-02     6.06680e-01
1.83000e-02     6.06746e-01
1.86000e-02     6.06814e-01
1.89000e-02     6.06882e-01
1.92000e-02     6.06950e-01
1.95000e-02     6.07016e-01
1.98000e-02     6.07079e-01
2.01000e-02     6.07141e-01
2.04000e-02     6.07197e-01
2.07000e-02     6.07249e-01
2.10000e-02     6.07298e-01
2.13000e-02     6.07343e-01
2.16000e-02     6.07384e-01
2.19000e-02     6.07421e-01
2.22000e-02     6.07454e-01
2.25000e-02     6.07483e-01
2.28000e-02     6.07509e-01
2.31000e-02     6.07532e-01
2.34000e-02     6.07552e-01
2.37000e-02     6.07568e-01
2.40000e-02     6.07583e-01
2.43000e-02     6.07594e-01
2.46000e-02     6.07603e-01
2.49000e-02     6.07609e-01
2.52000e-02     6.07613e-01
2.55000e-02     6.07614e-01
2.58000e-02     6.07613e-01
2.61000e-02     6.07608e-01
2.64000e-02     6.07601e-01
2.67000e-02     6.07590e-01
2.70000e-02     6.07577e-01
2.73000e-02     6.07560e-01
2.76000e-02     6.07539e-01
2.79000e-02     6.07514e-01
2.82000e-02     6.07487e-01
2.85000e-02     6.07455e-01
2.88000e-02     6.07421e-01
2.91000e-02     6.07382e-01
2.94000e-02     6.07340e-01
2.97000e-02     6.07295e-01
3.00000e-02     6.07248e-01
3.03000e-02     6.07199e-01
3.06000e-02     6.07148e-01
3.09000e-02     6.07097e-01
3.12000e-02     6.07045e-01
3.15000e-02     6.06992e-01
3.18000e-02     6.06940e-01
3.21000e-02     6.06888e-01
3.24000e-02     6.06838e-01
3.27000e-02     6.06789e-01
3.30000e-02     6.06742e-01
3.33000e-02     6.06696e-01
3.36000e-02     6.06652e-01
3.39000e-02     6.06610e-01
3.42000e-02     6.06569e-01
3.45000e-02     6.06530e-01
3.48000e-02     6.06492e-01
3.51000e-02     6.06454e-01
3.54000e-02     6.06417e-01
3.57000e-02     6.06379e-01
3.60000e-02     6.06340e-01
3.63000e-02     6.06301e-01
3.66000e-02     6.06260e-01
3.69000e-02     6.06218e-01
3.72000e-02     6.06172e-01
3.75000e-02     6.06124e-01
3.78000e-02     6.06073e-01
3.81000e-02     6.06018e-01
3.84000e-02     6.05960e-01
3.87000e-02     6.05899e-01
3.90000e-02     6.05832e-01
3.93000e-02     6.05768e-01
3.96000e-02     6.05697e-01
3.99000e-02     6.05623e-01
4.02000e-02     6.05547e-01
4.05000e-02     6.05468e-01
4.08000e-02     6.05387e-01
4.11000e-02     6.05304e-01
4.14000e-02     6.05219e-01
4.17000e-02     6.05133e-01
4.20000e-02     6.05047e-01
4.23000e-02     6.04960e-01
4.26000e-02     6.04874e-01
4.29000e-02     6.04788e-01
4.32000e-02     6.04701e-01
4.35000e-02     6.04614e-01
4.38000e-02     6.04532e-01
4.41000e-02     6.04453e-01
4.44000e-02     6.04370e-01
4.47000e-02     6.04287e-01
4.50000e-02     6.04211e-01
4.53000e-02     6.04136e-01
4.56000e-02     6.04065e-01
4.59000e-02     6.03992e-01
4.62000e-02     6.03919e-01
4.65000e-02     6.03852e-01
4.68000e-02     6.03789e-01
4.71000e-02     6.03726e-01
4.74000e-02     6.03665e-01
4.77000e-02     6.03606e-01
4.80000e-02     6.03548e-01
4.83000e-02     6.03494e-01
4.86000e-02     6.03441e-01
4.89000e-02     6.03390e-01
4.92000e-02     6.03340e-01
4.95000e-02     6.03292e-01
4.98000e-02     6.03246e-01
5.01000e-02     6.03201e-01
5.04000e-02     6.03161e-01
5.07000e-02     6.03115e-01
5.10000e-02     6.03075e-01
5.13000e-02     6.03034e-01
5.16000e-02     6.02995e-01
5.19000e-02     6.02956e-01
5.22000e-02     6.02921e-01
5.25000e-02     6.02881e-01
5.28000e-02     6.02845e-01
5.31000e-02     6.02810e-01
5.34000e-02     6.02775e-01
5.37000e-02     6.02739e-01
5.40000e-02     6.02704e-01
5.43000e-02     6.02670e-01
5.46000e-02     6.02636e-01
5.49000e-02     6.02601e-01
5.52000e-02     6.02568e-01
5.55000e-02     6.02533e-01
5.58000e-02     6.02501e-01
5.61000e-02     6.02469e-01
5.64000e-02     6.02435e-01
5.67000e-02     6.02399e-01
5.70000e-02     6.02367e-01
5.73000e-02     6.02336e-01
5.76000e-02     6.02307e-01
5.79000e-02     6.02272e-01
5.82000e-02     6.02241e-01
5.85000e-02     6.02213e-01
5.88000e-02     6.02179e-01
5.91000e-02     6.02149e-01
5.94000e-02     6.02120e-01
5.97000e-02     6.02091e-01
6.00000e-02     6.02063e-01
6.03000e-02     6.02035e-01
6.06000e-02     6.02008e-01
6.09000e-02     6.01981e-01
6.12000e-02     6.01954e-01
6.15000e-02     6.01928e-01
6.18000e-02     6.01902e-01
6.21000e-02     6.01877e-01
6.24000e-02     6.01852e-01
6.27000e-02     6.01827e-01
6.30000e-02     6.01803e-01
6.33000e-02     6.01779e-01
6.36000e-02     6.01758e-01
6.39000e-02     6.01733e-01
6.42000e-02     6.01710e-01
6.45000e-02     6.01686e-01
6.48000e-02     6.01663e-01
6.51000e-02     6.01637e-01
6.54000e-02     6.01619e-01
6.57000e-02     6.01596e-01
6.60000e-02     6.01573e-01
6.63000e-02     6.01550e-01
6.66000e-02     6.01527e-01
6.69000e-02     6.01505e-01
6.72000e-02     6.01482e-01
6.75000e-02     6.01459e-01
6.78000e-02     6.01436e-01
6.81000e-02     6.01413e-01
6.84000e-02     6.01390e-01
6.87000e-02     6.01367e-01
6.90000e-02     6.01343e-01
6.93000e-02     6.01319e-01
6.96000e-02     6.01295e-01
6.99000e-02     6.01271e-01
7.02000e-02     6.01246e-01
7.05000e-02     6.01221e-01
7.08000e-02     6.01196e-01
7.11000e-02     6.01171e-01
7.14000e-02     6.01146e-01
7.17000e-02     6.01121e-01
7.20000e-02     6.01096e-01
7.23000e-02     6.01070e-01
7.26000e-02     6.01045e-01
7.29000e-02     6.01019e-01
7.32000e-02     6.00994e-01
7.35000e-02     6.00968e-01
7.38000e-02     6.00942e-01
7.41000e-02     6.00916e-01
7.44000e-02     6.00891e-01
7.47000e-02     6.00866e-01
7.50000e-02     6.00840e-01
7.53000e-02     6.00815e-01
7.56000e-02     6.00790e-01
7.59000e-02     6.00766e-01
7.62000e-02     6.00742e-01
7.65000e-02     6.00717e-01
7.68000e-02     6.00694e-01
7.71000e-02     6.00670e-01
7.74000e-02     6.00647e-01
7.77000e-02     6.00623e-01
7.80000e-02     6.00601e-01
7.83000e-02     6.00579e-01
7.86000e-02     6.00557e-01
7.89000e-02     6.00536e-01
7.92000e-02     6.00515e-01
7.95000e-02     6.00494e-01
7.98000e-02     6.00473e-01
8.01000e-02     6.00453e-01
8.04000e-02     6.00433e-01
8.07000e-02     6.00414e-01
8.10000e-02     6.00395e-01
8.13000e-02     6.00377e-01
8.16000e-02     6.00358e-01
8.19000e-02     6.00341e-01
8.22000e-02     6.00324e-01
8.25000e-02     6.00307e-01
8.28000e-02     6.00290e-01
8.31000e-02     6.00274e-01
8.34000e-02     6.00258e-01
8.37000e-02     6.00242e-01
8.40000e-02     6.00226e-01
8.43000e-02     6.00212e-01
8.46000e-02     6.00197e-01
8.49000e-02     6.00183e-01
8.52000e-02     6.00170e-01
8.55000e-02     6.00157e-01
8.58000e-02     6.00144e-01
8.61000e-02     6.00131e-01
8.64000e-02     6.00120e-01
8.67000e-02     6.00108e-01
8.70000e-02     6.00096e-01
8.73000e-02     6.00085e-01
8.76000e-02     6.00074e-01
8.79000e-02     6.00063e-01
8.82000e-02     6.00053e-01
8.85000e-02     6.00042e-01
8.88000e-02     6.00032e-01
8.91000e-02     6.00022e-01
8.94000e-02     6.00012e-01
8.97000e-02     6.00002e-01
9.00000e-02     5.99992e-01
9.03000e-02     5.99981e-01
9.06000e-02     5.99971e-01
9.09000e-02     5.99960e-01
9.12000e-02     5.99950e-01
9.15000e-02     5.99939e-01
9.18000e-02     5.99928e-01
9.21000e-02     5.99916e-01
9.24000e-02     5.99904e-01
9.27000e-02     5.99891e-01
9.30000e-02     5.99878e-01
9.33000e-02     5.99865e-01
9.36000e-02     5.99851e-01
9.39000e-02     5.99836e-01
9.42000e-02     5.99821e-01
9.45000e-02     5.99805e-01
9.48000e-02     5.99789e-01
9.51000e-02     5.99773e-01
9.54000e-02     5.99756e-01
9.57000e-02     5.99738e-01
9.60000e-02     5.99720e-01
9.63000e-02     5.99702e-01
9.66000e-02     5.99684e-01
9.69000e-02     5.99665e-01
9.72000e-02     5.99646e-01
9.75000e-02     5.99627e-01
9.78000e-02     5.99608e-01
9.81000e-02     5.99590e-01
9.84000e-02     5.99571e-01
9.87000e-02     5.99553e-01
9.90000e-02     5.99535e-01
9.93000e-02     5.99518e-01
9.96000e-02     5.99501e-01
9.99000e-02     5.99485e-01
1.00200e-01     5.99470e-01
1.00500e-01     5.99457e-01
1.00800e-01     5.99444e-01
1.01100e-01     5.99433e-01
1.01400e-01     5.99422e-01
1.01700e-01     5.99413e-01
1.02000e-01     5.99406e-01
1.02300e-01     5.99400e-01
