"Moment Convergence"
"Flow Time" "cm"
3.00000e-04     3.95533e-04
6.00000e-04     2.46694e-04
9.00000e-04     2.56576e-04
1.20000e-03     3.06372e-04
1.50000e-03     3.50498e-04
1.80000e-03     3.72502e-04
2.10000e-03     3.73516e-04
2.40000e-03     3.60172e-04
2.70000e-03     3.40967e-04
3.00000e-03     3.23468e-04
3.30000e-03     3.11818e-04
3.60000e-03     3.07423e-04
3.90000e-03     3.08487e-04
4.20000e-03     3.11958e-04
4.50000e-03     3.15137e-04
4.80000e-03     3.15158e-04
5.10000e-03     3.10415e-04
5.40000e-03     3.02236e-04
5.70000e-03     2.90045e-04
6.00000e-03     2.75884e-04
6.30000e-03     2.62103e-04
6.60000e-03     2.49265e-04
6.90000e-03     2.36238e-04
7.20000e-03     2.24627e-04
7.50000e-03     2.13844e-04
7.80000e-03     2.03999e-04
8.10000e-03     1.94992e-04
8.40000e-03     1.87026e-04
8.70000e-03     1.79787e-04
9.00000e-03     1.73605e-04
9.30000e-03     1.68581e-04
9.60000e-03     1.64386e-04
9.90000e-03     1.60635e-04
1.02000e-02     1.57461e-04
1.05000e-02     1.54683e-04
1.08000e-02     1.52135e-04
1.11000e-02     1.50119e-04
1.14000e-02     1.47816e-04
1.17000e-02     1.45661e-04
1.20000e-02     1.43538e-04
1.23000e-02     1.41380e-04
1.26000e-02     1.39488e-04
1.29000e-02     1.38083e-04
1.32000e-02     1.36478e-04
1.35000e-02     1.35362e-04
1.38000e-02     1.35455e-04
1.41000e-02     1.36118e-04
1.44000e-02     1.36771e-04
1.47000e-02     1.37900e-04
1.50000e-02     1.38846e-04
1.53000e-02     1.40000e-04
1.56000e-02     1.41780e-04
1.59000e-02     1.43803e-04
1.62000e-02     1.46225e-04
1.65000e-02     1.48738e-04
1.68000e-02     1.51625e-04
1.71000e-02     1.55018e-04
1.74000e-02     1.58673e-04
1.77000e-02     1.62731e-04
1.80000e-02     1.66956e-04
1.83000e-02     1.72070e-04
1.86000e-02     1.77513e-04
1.89000e-02     1.83298e-04
1.92000e-02     1.89671e-04
1.95000e-02     1.96382e-04
1.98000e-02     2.03857e-04
2.01000e-02     2.11033e-04
2.04000e-02     2.18396e-04
2.07000e-02     2.25825e-04
2.10000e-02     2.33048e-04
2.13000e-02     2.40497e-04
2.16000e-02     2.47759e-04
2.19000e-02     2.54600e-04
2.22000e-02     2.61029e-04
2.25000e-02     2.67087e-04
2.28000e-02     2.72312e-04
2.31000e-02     2.77482e-04
2.34000e-02     2.82334e-04
2.37000e-02     2.86829e-04
2.40000e-02     2.91031e-04
2.43000e-02     2.94983e-04
2.46000e-02     2.98888e-04
2.49000e-02     3.02710e-04
2.52000e-02     3.06669e-04
2.55000e-02     3.10899e-04
2.58000e-02     3.14771e-04
2.61000e-02     3.18592e-04
2.64000e-02     3.22924e-04
2.67000e-02     3.27704e-04
2.70000e-02     3.32124e-04
2.73000e-02     3.36421e-04
2.76000e-02     3.40610e-04
2.79000e-02     3.44731e-04
2.82000e-02     3.48906e-04
2.85000e-02     3.52599e-04
2.88000e-02     3.55929e-04
2.91000e-02     3.59381e-04
2.94000e-02     3.61881e-04
2.97000e-02     3.64067e-04
3.00000e-02     3.65965e-04
3.03000e-02     3.67650e-04
3.06000e-02     3.68981e-04
3.09000e-02     3.70192e-04
3.12000e-02     3.71378e-04
3.15000e-02     3.72550e-04
3.18000e-02     3.74141e-04
3.21000e-02     3.75453e-04
3.24000e-02     3.77016e-04
3.27000e-02     3.78578e-04
3.30000e-02     3.79851e-04
3.33000e-02     3.81790e-04
3.36000e-02     3.83632e-04
3.39000e-02     3.85427e-04
3.42000e-02     3.87261e-04
3.45000e-02     3.88874e-04
3.48000e-02     3.90876e-04
3.51000e-02     3.92848e-04
3.54000e-02     3.95016e-04
3.57000e-02     3.96310e-04
3.60000e-02     3.97786e-04
3.63000e-02     3.99250e-04
3.66000e-02     4.01008e-04
3.69000e-02     4.02605e-04
3.72000e-02     4.03794e-04
3.75000e-02     4.05366e-04
3.78000e-02     4.06972e-04
3.81000e-02     4.08182e-04
3.84000e-02     4.10006e-04
3.87000e-02     4.11925e-04
3.90000e-02     4.13739e-04
3.93000e-02     4.15875e-04
3.96000e-02     4.18236e-04
3.99000e-02     4.20252e-04
4.02000e-02     4.22304e-04
4.05000e-02     4.24625e-04
4.08000e-02     4.27439e-04
4.11000e-02     4.29748e-04
4.14000e-02     4.32195e-04
4.17000e-02     4.34071e-04
4.20000e-02     4.36398e-04
4.23000e-02     4.38814e-04
4.26000e-02     4.41466e-04
4.29000e-02     4.43350e-04
4.32000e-02     4.45242e-04
4.35000e-02     4.47654e-04
4.38000e-02     4.49545e-04
4.41000e-02     4.51781e-04
4.44000e-02     4.53813e-04
4.47000e-02     4.55578e-04
4.50000e-02     4.57327e-04
4.53000e-02     4.59409e-04
4.56000e-02     4.61462e-04
4.59000e-02     4.63545e-04
4.62000e-02     4.65011e-04
4.65000e-02     4.66578e-04
4.68000e-02     4.68199e-04
4.71000e-02     4.69588e-04
4.74000e-02     4.71060e-04
4.77000e-02     4.72631e-04
4.80000e-02     4.73737e-04
4.83000e-02     4.75279e-04
4.86000e-02     4.76823e-04
4.89000e-02     4.78180e-04
4.92000e-02     4.79588e-04
4.95000e-02     4.80349e-04
4.98000e-02     4.81285e-04
5.01000e-02     4.82373e-04
5.04000e-02     4.83230e-04
5.07000e-02     4.83788e-04
5.10000e-02     4.84407e-04
5.13000e-02     4.84698e-04
5.16000e-02     4.85325e-04
5.19000e-02     4.85927e-04
5.22000e-02     4.86451e-04
5.25000e-02     4.86700e-04
5.28000e-02     4.86855e-04
5.31000e-02     4.86995e-04
5.34000e-02     4.87372e-04
5.37000e-02     4.87284e-04
5.40000e-02     4.87083e-04
5.43000e-02     4.87008e-04
5.46000e-02     4.86829e-04
5.49000e-02     4.86609e-04
5.52000e-02     4.86248e-04
5.55000e-02     4.86907e-04
5.58000e-02     4.86135e-04
5.61000e-02     4.85253e-04
5.64000e-02     4.84771e-04
5.67000e-02     4.83880e-04
5.70000e-02     4.83099e-04
5.73000e-02     4.82586e-04
5.76000e-02     4.81768e-04
5.79000e-02     4.80702e-04
5.82000e-02     4.79923e-04
5.85000e-02     4.78956e-04
5.88000e-02     4.78118e-04
5.91000e-02     4.77171e-04
5.94000e-02     4.76458e-04
5.97000e-02     4.75291e-04
6.00000e-02     4.74509e-04
6.03000e-02     4.73587e-04
6.06000e-02     4.72543e-04
6.09000e-02     4.71354e-04
6.12000e-02     4.70599e-04
6.15000e-02     4.69554e-04
6.18000e-02     4.68796e-04
6.21000e-02     4.67227e-04
6.24000e-02     4.66203e-04
6.27000e-02     4.65504e-04
6.30000e-02     4.64363e-04
6.33000e-02     4.63187e-04
6.36000e-02     4.62006e-04
6.39000e-02     4.60784e-04
6.42000e-02     4.59578e-04
6.45000e-02     4.58090e-04
6.48000e-02     4.57320e-04
6.51000e-02     4.56051e-04
6.54000e-02     4.54946e-04
6.57000e-02     4.53630e-04
6.60000e-02     4.52308e-04
6.63000e-02     4.51040e-04
6.66000e-02     4.49750e-04
6.69000e-02     4.48421e-04
6.72000e-02     4.47025e-04
6.75000e-02     4.45738e-04
6.78000e-02     4.44254e-04
6.81000e-02     4.42701e-04
6.84000e-02     4.41088e-04
6.87000e-02     4.39769e-04
6.90000e-02     4.38156e-04
6.93000e-02     4.36883e-04
6.96000e-02     4.34790e-04
6.99000e-02     4.33089e-04
7.02000e-02     4.31282e-04
7.05000e-02     4.29160e-04
7.08000e-02     4.27384e-04
7.11000e-02     4.25327e-04
7.14000e-02     4.23603e-04
7.17000e-02     4.21826e-04
7.20000e-02     4.19932e-04
7.23000e-02     4.17893e-04
7.26000e-02     4.15716e-04
7.29000e-02     4.13332e-04
7.32000e-02     4.11431e-04
7.35000e-02     4.08920e-04
7.38000e-02     4.06992e-04
7.41000e-02     4.04654e-04
7.44000e-02     4.02193e-04
7.47000e-02     3.99712e-04
7.50000e-02     3.96957e-04
7.53000e-02     3.94420e-04
7.56000e-02     3.92087e-04
7.59000e-02     3.89401e-04
7.62000e-02     3.87055e-04
7.65000e-02     3.84519e-04
7.68000e-02     3.82183e-04
7.71000e-02     3.79470e-04
7.74000e-02     3.76720e-04
7.77000e-02     3.74388e-04
7.80000e-02     3.71547e-04
7.83000e-02     3.68587e-04
7.86000e-02     3.65526e-04
7.89000e-02     3.63019e-04
7.92000e-02     3.60428e-04
7.95000e-02     3.57871e-04
7.98000e-02     3.55253e-04
8.01000e-02     3.53008e-04
8.04000e-02     3.50198e-04
8.07000e-02     3.47345e-04
8.10000e-02     3.44676e-04
8.13000e-02     3.42010e-04
8.16000e-02     3.38994e-04
8.19000e-02     3.36301e-04
8.22000e-02     3.34063e-04
8.25000e-02     3.31794e-04
8.28000e-02     3.29461e-04
8.31000e-02     3.26941e-04
8.34000e-02     3.24701e-04
8.37000e-02     3.22456e-04
8.40000e-02     3.20427e-04
8.43000e-02     3.18011e-04
8.46000e-02     3.15571e-04
8.49000e-02     3.13237e-04
8.52000e-02     3.10992e-04
8.55000e-02     3.09078e-04
8.58000e-02     3.06656e-04
8.61000e-02     3.04348e-04
8.64000e-02     3.02220e-04
8.67000e-02     3.00119e-04
8.70000e-02     2.98328e-04
8.73000e-02     2.96014e-04
8.76000e-02     2.93823e-04
8.79000e-02     2.91600e-04
8.82000e-02     2.89572e-04
8.85000e-02     2.87597e-04
8.88000e-02     2.85631e-04
8.91000e-02     2.83603e-04
8.94000e-02     2.81575e-04
8.97000e-02     2.79532e-04
9.00000e-02     2.77634e-04
9.03000e-02     2.75601e-04
9.06000e-02     2.73278e-04
9.09000e-02     2.71471e-04
9.12000e-02     2.69513e-04
9.15000e-02     2.68167e-04
9.18000e-02     2.65987e-04
9.21000e-02     2.63822e-04
9.24000e-02     2.61989e-04
9.27000e-02     2.59794e-04
9.30000e-02     2.57659e-04
9.33000e-02     2.55620e-04
9.36000e-02     2.53616e-04
9.39000e-02     2.51877e-04
9.42000e-02     2.49682e-04
9.45000e-02     2.47599e-04
9.48000e-02     2.45442e-04
9.51000e-02     2.43346e-04
9.54000e-02     2.41288e-04
9.57000e-02     2.39419e-04
9.60000e-02     2.37258e-04
9.63000e-02     2.34680e-04
9.66000e-02     2.32337e-04
9.69000e-02     2.30402e-04
9.72000e-02     2.28611e-04
9.75000e-02     2.26521e-04
9.78000e-02     2.24148e-04
9.81000e-02     2.21829e-04
9.84000e-02     2.19777e-04
9.87000e-02     2.17804e-04
9.90000e-02     2.15783e-04
9.93000e-02     2.13943e-04
9.96000e-02     2.11798e-04
9.99000e-02     2.09523e-04
1.00200e-01     2.07361e-04
1.00500e-01     2.05192e-04
1.00800e-01     2.03138e-04
1.01100e-01     2.01136e-04
1.01400e-01     1.99032e-04
1.01700e-01     1.97064e-04
1.02000e-01     1.95386e-04
1.02300e-01     1.93270e-04
