"Drag Convergence"
"Flow Time" "Cd"
1.30000e-03     6.55680e-01     
2.60000e-03     7.80014e-01     
3.90000e-03     7.46158e-01     
5.20000e-03     6.88801e-01     
6.50000e-03     6.36809e-01     
7.80000e-03     5.96112e-01     
9.10000e-03     5.64920e-01     
1.04000e-02     5.40549e-01     
1.17000e-02     5.19052e-01     
1.30000e-02     4.98761e-01     
1.43000e-02     4.80623e-01     
1.56000e-02     4.65119e-01     
1.69000e-02     4.52944e-01     
1.82000e-02     4.42909e-01     
1.95000e-02     4.33979e-01     
2.08000e-02     4.26306e-01     
2.21000e-02     4.19636e-01     
2.34000e-02     4.14311e-01     
2.47000e-02     4.10822e-01     
2.60000e-02     4.08506e-01     
2.73000e-02     4.06373e-01     
2.86000e-02     4.03207e-01     
2.99000e-02     3.98692e-01     
3.12000e-02     3.94354e-01     
3.25000e-02     3.89848e-01     
3.38000e-02     3.85846e-01     
3.51000e-02     3.82574e-01     
3.64000e-02     3.79244e-01     
3.77000e-02     3.76746e-01     
3.90000e-02     3.75361e-01     
4.03000e-02     3.74035e-01     
4.16000e-02     3.72660e-01     
4.29000e-02     3.71496e-01     
4.42000e-02     3.71289e-01     
4.55000e-02     3.72232e-01     
4.68000e-02     3.73793e-01     
4.81000e-02     3.75226e-01     
4.94000e-02     3.75930e-01     
5.07000e-02     3.75152e-01     
5.20000e-02     3.73629e-01     
5.33000e-02     3.71782e-01     
5.46000e-02     3.70044e-01     
5.59000e-02     3.68898e-01     
5.72000e-02     3.68634e-01     
5.85000e-02     3.69488e-01     
5.98000e-02     3.71127e-01     
6.11000e-02     3.73592e-01     
6.24000e-02     3.76532e-01     
6.37000e-02     3.79780e-01     
6.50000e-02     3.83370e-01     
6.63000e-02     3.86993e-01     
6.76000e-02     3.90021e-01     
6.89000e-02     3.91829e-01     
7.02000e-02     3.91954e-01     
7.15000e-02     3.90564e-01     
7.28000e-02     3.89079e-01     
7.41000e-02     3.87735e-01     
7.54000e-02     3.87032e-01     
7.67000e-02     3.87293e-01     
7.80000e-02     3.88853e-01     
7.93000e-02     3.91210e-01     
8.06000e-02     3.94264e-01     
8.19000e-02     3.97290e-01     
8.32000e-02     4.00030e-01     
8.45000e-02     4.02097e-01     
8.58000e-02     4.03111e-01     
8.71000e-02     4.02743e-01     
8.84000e-02     4.01123e-01     
8.97000e-02     3.99264e-01     
9.10000e-02     3.97612e-01     
9.23000e-02     3.96003e-01     
9.36000e-02     3.94385e-01     
9.49000e-02     3.93698e-01     
9.62000e-02     3.94152e-01     
9.75000e-02     3.95695e-01     
9.88000e-02     3.97623e-01     
1.00100e-01     3.99381e-01     
1.01400e-01     4.00784e-01     
1.02700e-01     4.01445e-01     
1.04000e-01     4.00745e-01     
1.05300e-01     3.99081e-01     
1.06600e-01     3.96993e-01     
1.07900e-01     3.95072e-01     
1.09200e-01     3.93379e-01     
1.10500e-01     3.91861e-01     
1.11800e-01     3.90625e-01     
1.13100e-01     3.89756e-01     
1.14400e-01     3.89932e-01     
1.15700e-01     3.91081e-01     
1.17000e-01     3.92656e-01     
1.18300e-01     3.94127e-01     
1.19600e-01     3.95267e-01     
1.20900e-01     3.95148e-01     
1.22200e-01     3.94221e-01     
1.23500e-01     3.92810e-01     
1.24800e-01     3.91074e-01     
1.26100e-01     3.89529e-01     
1.27400e-01     3.88263e-01     
1.28700e-01     3.87338e-01     
1.30000e-01     3.86548e-01     
1.31300e-01     3.86036e-01     
1.32600e-01     3.86255e-01     
1.33900e-01     3.87359e-01     
1.35200e-01     3.88778e-01     
1.36500e-01     3.90195e-01     
1.37800e-01     3.90738e-01     
1.39100e-01     3.90594e-01     
1.40400e-01     3.89878e-01     
1.41700e-01     3.88723e-01     
1.43000e-01     3.87415e-01     
1.44300e-01     3.86274e-01     
1.45600e-01     3.85380e-01     
1.46900e-01     3.84788e-01     
1.48200e-01     3.84329e-01     
1.49500e-01     3.84114e-01     
1.50800e-01     3.84537e-01     
1.52100e-01     3.85678e-01     
1.53400e-01     3.87053e-01     
1.54700e-01     3.88050e-01     
1.56000e-01     3.88458e-01     
1.57300e-01     3.88248e-01     
1.58600e-01     3.87595e-01     
1.59900e-01     3.86622e-01     
1.61200e-01     3.85566e-01     
1.62500e-01     3.84670e-01     
1.63800e-01     3.84001e-01     
1.65100e-01     3.83626e-01     
1.66400e-01     3.83357e-01     
1.67700e-01     3.83379e-01     
1.69000e-01     3.84018e-01     
1.70300e-01     3.85148e-01     
1.71600e-01     3.86161e-01     
1.72900e-01     3.86925e-01     
1.74200e-01     3.87123e-01     
1.75500e-01     3.86863e-01     
1.76800e-01     3.86198e-01     
1.78100e-01     3.85250e-01     
1.79400e-01     3.84351e-01     
1.80700e-01     3.83642e-01     
1.82000e-01     3.83134e-01     
1.83300e-01     3.82849e-01     
1.84600e-01     3.82665e-01     
1.85900e-01     3.82878e-01     
1.87200e-01     3.83670e-01     
1.88500e-01     3.84666e-01     
1.89800e-01     3.85555e-01     
1.91100e-01     3.86080e-01     
1.92400e-01     3.86128e-01     
1.93700e-01     3.85753e-01     
1.95000e-01     3.85025e-01     
1.96300e-01     3.84186e-01     
1.97600e-01     3.83417e-01     
1.98900e-01     3.82815e-01     
2.00200e-01     3.82413e-01     
2.01500e-01     3.82280e-01     
2.02800e-01     3.82266e-01     
2.04100e-01     3.82661e-01     
2.05400e-01     3.83477e-01     
2.06700e-01     3.84353e-01     
2.08000e-01     3.85081e-01     
2.09300e-01     3.85405e-01     
2.10600e-01     3.85273e-01     
2.11900e-01     3.84795e-01     
2.13200e-01     3.84034e-01     
2.14500e-01     3.83255e-01     
2.15800e-01     3.82599e-01     
2.17100e-01     3.82123e-01     
2.18400e-01     3.81846e-01     
2.19700e-01     3.81704e-01     
2.21000e-01     3.81817e-01     
2.22300e-01     3.82408e-01     
2.23600e-01     3.83225e-01     
2.24900e-01     3.84032e-01     
2.26200e-01     3.84592e-01     
2.27500e-01     3.84727e-01     
2.28800e-01     3.84500e-01     
2.30100e-01     3.83890e-01     
2.31400e-01     3.83183e-01     
2.32700e-01     3.82487e-01     
2.34000e-01     3.81922e-01     
2.35300e-01     3.81547e-01     
2.36600e-01     3.81387e-01     
2.37900e-01     3.81334e-01     
2.39200e-01     3.81619e-01     
2.40500e-01     3.82324e-01     
2.41800e-01     3.83141e-01     
2.43100e-01     3.83868e-01     
2.44400e-01     3.84231e-01     
2.45700e-01     3.84179e-01     
2.47000e-01     3.83804e-01     
2.48300e-01     3.83151e-01     
2.49600e-01     3.82464e-01     
2.50900e-01     3.81854e-01     
2.52200e-01     3.81392e-01     
2.53500e-01     3.81136e-01     
2.54800e-01     3.80990e-01     
2.56100e-01     3.81049e-01     
2.57400e-01     3.81548e-01     
2.58700e-01     3.82305e-01     
2.60000e-01     3.83069e-01     
2.61300e-01     3.83622e-01     
2.62600e-01     3.83809e-01     
2.63900e-01     3.83674e-01     
2.65200e-01     3.83143e-01     
2.66500e-01     3.82508e-01     
2.67800e-01     3.81863e-01     
2.69100e-01     3.81333e-01     
2.70400e-01     3.80972e-01     
2.71700e-01     3.80797e-01     
2.73000e-01     3.80738e-01     
2.74300e-01     3.80966e-01     
2.75600e-01     3.81596e-01     
2.76900e-01     3.82374e-01     
2.78200e-01     3.83088e-01     
2.79500e-01     3.83470e-01     
2.80800e-01     3.83473e-01     
2.82100e-01     3.83168e-01     
2.83400e-01     3.82580e-01     
2.84700e-01     3.81954e-01     
2.86000e-01     3.81380e-01     
2.87300e-01     3.80930e-01     
2.88600e-01     3.80690e-01     
2.89900e-01     3.80544e-01     
2.91200e-01     3.80597e-01     
2.92500e-01     3.81033e-01     
2.93800e-01     3.81760e-01     
2.95100e-01     3.82477e-01     
2.96400e-01     3.83022e-01     
2.97700e-01     3.83234e-01     
2.99000e-01     3.83145e-01     
3.00300e-01     3.82666e-01     
3.01600e-01     3.82057e-01     
3.02900e-01     3.81447e-01     
3.04200e-01     3.80945e-01     
3.05500e-01     3.80603e-01     
3.06800e-01     3.80425e-01     
3.08100e-01     3.80351e-01     
3.09400e-01     3.80568e-01     
3.10700e-01     3.81152e-01     
3.12000e-01     3.81904e-01     
3.13300e-01     3.82590e-01     
3.14600e-01     3.82976e-01     
3.15900e-01     3.83023e-01     
3.17200e-01     3.82750e-01     
3.18500e-01     3.82203e-01     
3.19800e-01     3.81613e-01     
3.21100e-01     3.81064e-01     
3.22400e-01     3.80627e-01     
3.23700e-01     3.80393e-01     
3.25000e-01     3.80272e-01     
3.26300e-01     3.80315e-01     
3.27600e-01     3.80718e-01     
3.28900e-01     3.81416e-01     
3.30200e-01     3.82106e-01     
3.31500e-01     3.82645e-01     
3.32800e-01     3.82865e-01     
3.34100e-01     3.82788e-01     
3.35400e-01     3.82346e-01     
3.36700e-01     3.81748e-01     
3.38000e-01     3.81161e-01     
3.39300e-01     3.80680e-01     
3.40600e-01     3.80352e-01     
3.41900e-01     3.80177e-01     
3.43200e-01     3.80089e-01     
3.44500e-01     3.80301e-01     
3.45800e-01     3.80874e-01     
3.47100e-01     3.81594e-01     
3.48400e-01     3.82265e-01     
3.49700e-01     3.82653e-01     
3.51000e-01     3.82715e-01     
3.52300e-01     3.82445e-01     
3.53600e-01     3.81928e-01     
3.54900e-01     3.81354e-01     
3.56200e-01     3.80820e-01     
3.57500e-01     3.80403e-01     
3.58800e-01     3.80171e-01     
3.60100e-01     3.80061e-01     
3.61400e-01     3.80105e-01     
3.62700e-01     3.80501e-01     
3.64000e-01     3.81184e-01     
3.65300e-01     3.81862e-01     
3.66600e-01     3.82390e-01     
3.67900e-01     3.82600e-01     
3.69200e-01     3.82521e-01     
3.70500e-01     3.82098e-01     
3.71800e-01     3.81517e-01     
3.73100e-01     3.80946e-01     
3.74400e-01     3.80483e-01     
3.75700e-01     3.80167e-01     
3.77000e-01     3.79987e-01     
3.78300e-01     3.79894e-01     
3.79600e-01     3.80106e-01     
3.80900e-01     3.80679e-01     
3.82200e-01     3.81379e-01     
3.83500e-01     3.82035e-01     
3.84800e-01     3.82416e-01     
3.86100e-01     3.82482e-01     
3.87400e-01     3.82211e-01     
3.88700e-01     3.81711e-01     
3.90000e-01     3.81153e-01     
3.91300e-01     3.80629e-01     
3.92600e-01     3.80225e-01     
3.93900e-01     3.79995e-01     
3.95200e-01     3.79894e-01     
3.96500e-01     3.79945e-01     
3.97800e-01     3.80341e-01     
3.99100e-01     3.81011e-01     
4.00400e-01     3.81691e-01     
4.01700e-01     3.82203e-01     
4.03000e-01     3.82405e-01     
4.04300e-01     3.82314e-01     
4.05600e-01     3.81899e-01     
4.06900e-01     3.81332e-01     
4.08200e-01     3.80776e-01     
4.09500e-01     3.80331e-01     
4.10800e-01     3.80024e-01     
4.12100e-01     3.79848e-01     
4.13400e-01     3.79758e-01     
4.14700e-01     3.79979e-01     
4.16000e-01     3.80559e-01     
4.17300e-01     3.81250e-01     
4.18600e-01     3.81886e-01     
4.19900e-01     3.82257e-01     
4.21200e-01     3.82324e-01     
4.22500e-01     3.82052e-01     
4.23800e-01     3.81556e-01     
4.25100e-01     3.81007e-01     
4.26400e-01     3.80493e-01     
4.27700e-01     3.80099e-01     
4.29000e-01     3.79873e-01     
4.30300e-01     3.79779e-01     
4.31600e-01     3.79838e-01     
4.32900e-01     3.80235e-01     
4.34200e-01     3.80904e-01     
4.35500e-01     3.81586e-01     
4.36800e-01     3.82082e-01     
4.38100e-01     3.82274e-01     
4.39400e-01     3.82169e-01     
4.40700e-01     3.81750e-01     
4.42000e-01     3.81198e-01     
4.43300e-01     3.80651e-01     
4.44600e-01     3.80217e-01     
4.45900e-01     3.79920e-01     
4.47200e-01     3.79753e-01     
4.48500e-01     3.79673e-01     
4.49800e-01     3.79910e-01     
4.51100e-01     3.80497e-01     
4.52400e-01     3.81177e-01     
4.53700e-01     3.81796e-01     
4.55000e-01     3.82146e-01     
4.56300e-01     3.82214e-01     
4.57600e-01     3.81935e-01     
4.58900e-01     3.81437e-01     
4.60200e-01     3.80893e-01     
4.61500e-01     3.80393e-01     
4.62800e-01     3.80010e-01     
4.64100e-01     3.79791e-01     
4.65400e-01     3.79700e-01     
4.66700e-01     3.79765e-01     
4.68000e-01     3.80173e-01     
4.69300e-01     3.80843e-01     
4.70600e-01     3.81524e-01     
4.71900e-01     3.82014e-01     
4.73200e-01     3.82192e-01     
4.74500e-01     3.82071e-01     
4.75800e-01     3.81646e-01     
4.77100e-01     3.81109e-01     
4.78400e-01     3.80572e-01     
4.79700e-01     3.80144e-01     
4.81000e-01     3.79859e-01     
4.82300e-01     3.79707e-01     
4.83600e-01     3.79636e-01     
4.84900e-01     3.79893e-01     
4.86200e-01     3.80483e-01     
4.87500e-01     3.81156e-01     
4.88800e-01     3.81760e-01     
4.90100e-01     3.82092e-01     
4.91400e-01     3.82150e-01     
4.92700e-01     3.81856e-01     
4.94000e-01     3.81352e-01     
4.95300e-01     3.80811e-01     
4.96600e-01     3.80322e-01     
4.97900e-01     3.79952e-01     
4.99200e-01     3.79739e-01     
5.00500e-01     3.79651e-01     
5.01800e-01     3.79728e-01     
5.03100e-01     3.80149e-01     
5.04400e-01     3.80818e-01     
5.05700e-01     3.81497e-01     
5.07000e-01     3.81972e-01     
5.08300e-01     3.82142e-01     
5.09600e-01     3.82005e-01     
5.10900e-01     3.81571e-01     
5.12200e-01     3.81040e-01     
5.13500e-01     3.80513e-01     
5.14800e-01     3.80091e-01     
5.16100e-01     3.79815e-01     
5.17400e-01     3.79679e-01     
5.18700e-01     3.79620e-01     
5.20000e-01     3.79895e-01     
5.21300e-01     3.80487e-01     
5.22600e-01     3.81157e-01     
5.23900e-01     3.81748e-01     
5.25200e-01     3.82062e-01     
5.26500e-01     3.82105e-01     
5.27800e-01     3.81795e-01     
5.29100e-01     3.81277e-01     
5.30400e-01     3.80737e-01     
5.31700e-01     3.80257e-01     
5.33000e-01     3.79902e-01     
5.34300e-01     3.79694e-01     
5.35600e-01     3.79601e-01     
5.36900e-01     3.79693e-01     
5.38200e-01     3.80132e-01     
5.39500e-01     3.80802e-01     
5.40800e-01     3.81477e-01     
5.42100e-01     3.81939e-01     
5.43400e-01     3.82101e-01     
5.44700e-01     3.81945e-01     
5.46000e-01     3.81507e-01     
5.47300e-01     3.80982e-01     
5.48600e-01     3.80462e-01     
5.49900e-01     3.80043e-01     
5.51200e-01     3.79778e-01     
5.52500e-01     3.79655e-01     
5.53800e-01     3.79612e-01     
5.55100e-01     3.79904e-01     
5.56400e-01     3.80502e-01     
5.57700e-01     3.81169e-01     
5.59000e-01     3.81748e-01     
5.60300e-01     3.82042e-01     
5.61600e-01     3.82069e-01     
5.62900e-01     3.81746e-01     
5.64200e-01     3.81215e-01     
5.65500e-01     3.80672e-01     
5.66800e-01     3.80203e-01     
5.68100e-01     3.79863e-01     
5.69400e-01     3.79660e-01     
5.70700e-01     3.79560e-01     
5.72000e-01     3.79671e-01     
5.73300e-01     3.80132e-01     
5.74600e-01     3.80805e-01     
5.75900e-01     3.81475e-01     
5.77200e-01     3.81923e-01     
5.78500e-01     3.82073e-01     
5.79800e-01     3.81896e-01     
5.81100e-01     3.81456e-01     
5.82400e-01     3.80930e-01     
5.83700e-01     3.80415e-01     
5.85000e-01     3.80006e-01     
5.86300e-01     3.79751e-01     
5.87600e-01     3.79636e-01     
5.88900e-01     3.79614e-01     
5.90200e-01     3.79923e-01     
5.91500e-01     3.80531e-01     
5.92800e-01     3.81197e-01     
5.94100e-01     3.81762e-01     
5.95400e-01     3.82038e-01     
5.96700e-01     3.82037e-01     
5.98000e-01     3.81701e-01     
5.99300e-01     3.81164e-01     
6.00600e-01     3.80619e-01     
6.01900e-01     3.80162e-01     
6.03200e-01     3.79835e-01     
6.04500e-01     3.79636e-01     
6.05800e-01     3.79532e-01     
6.07100e-01     3.79666e-01     
6.08400e-01     3.80154e-01     
6.09700e-01     3.80826e-01     
6.11000e-01     3.81489e-01     
6.12300e-01     3.81920e-01     
6.13600e-01     3.82053e-01     
6.14900e-01     3.81857e-01     
6.16200e-01     3.81411e-01     
6.17500e-01     3.80883e-01     
6.18800e-01     3.80371e-01     
6.20100e-01     3.79968e-01     
6.21400e-01     3.79719e-01     
6.22700e-01     3.79611e-01     
6.24000e-01     3.79606e-01     
6.25300e-01     3.79933e-01     
6.26600e-01     3.80553e-01     
6.27900e-01     3.81221e-01     
6.29200e-01     3.81766e-01     
6.30500e-01     3.82028e-01     
6.31800e-01     3.82000e-01     
6.33100e-01     3.81646e-01     
6.34400e-01     3.81110e-01     
6.35700e-01     3.80564e-01     
6.37000e-01     3.80117e-01     
6.38300e-01     3.79800e-01     
6.39600e-01     3.79606e-01     
6.40900e-01     3.79502e-01     
6.42200e-01     3.79656e-01     
6.43500e-01     3.80170e-01     
6.44800e-01     3.80843e-01     
6.46100e-01     3.81495e-01     
6.47400e-01     3.81907e-01     
6.48700e-01     3.82025e-01     
6.50000e-01     3.81809e-01     
6.51300e-01     3.81358e-01     
6.52600e-01     3.80831e-01     
6.53900e-01     3.80323e-01     
6.55200e-01     3.79924e-01     
6.56500e-01     3.79681e-01     
6.57800e-01     3.79580e-01     
6.59100e-01     3.79595e-01     
6.60400e-01     3.79936e-01     
6.61700e-01     3.80566e-01     
6.63000e-01     3.81236e-01     
6.64300e-01     3.81763e-01     
6.65600e-01     3.82007e-01     
6.66900e-01     3.81954e-01     
6.68200e-01     3.81584e-01     
6.69500e-01     3.81054e-01     
6.70800e-01     3.80511e-01     
6.72100e-01     3.80074e-01     
6.73400e-01     3.79765e-01     
6.74700e-01     3.79579e-01     
6.76000e-01     3.79482e-01     
6.77300e-01     3.79656e-01     
6.78600e-01     3.80195e-01     
6.79900e-01     3.80867e-01     
6.81200e-01     3.81509e-01     
6.82500e-01     3.81899e-01     
6.83800e-01     3.82006e-01     
6.85100e-01     3.81775e-01     
6.86400e-01     3.81315e-01     
6.87700e-01     3.80787e-01     
6.89000e-01     3.80285e-01     
6.90300e-01     3.79894e-01     
6.91600e-01     3.79657e-01     
6.92900e-01     3.79562e-01     
6.94200e-01     3.79595e-01     
6.95500e-01     3.79952e-01     
6.96800e-01     3.80594e-01     
6.98100e-01     3.81266e-01     
6.99400e-01     3.81778e-01     
7.00700e-01     3.82002e-01     
7.02000e-01     3.81928e-01     
7.03300e-01     3.81543e-01     
7.04600e-01     3.81014e-01     
7.05900e-01     3.80475e-01     
7.07200e-01     3.80047e-01     
7.08500e-01     3.79746e-01     
7.09800e-01     3.79575e-01     
7.11100e-01     3.79488e-01     
7.12400e-01     3.79686e-01     
7.13700e-01     3.80244e-01     
7.15000e-01     3.80915e-01     
7.16300e-01     3.81541e-01     
7.17600e-01     3.81912e-01     
7.18900e-01     3.82005e-01     
7.20200e-01     3.81758e-01     
7.21500e-01     3.81285e-01     
7.22800e-01     3.80758e-01     
7.24100e-01     3.80262e-01     
7.25400e-01     3.79879e-01     
7.26700e-01     3.79651e-01     
7.28000e-01     3.79560e-01     
7.29300e-01     3.79604e-01     
7.30600e-01     3.79982e-01     
7.31900e-01     3.80634e-01     
7.33200e-01     3.81307e-01     
7.34500e-01     3.81809e-01     
7.35800e-01     3.82013e-01     
7.37100e-01     3.81916e-01     
7.38400e-01     3.81515e-01     
7.39700e-01     3.80991e-01     
7.41000e-01     3.80458e-01     
7.42300e-01     3.80034e-01     
7.43600e-01     3.79745e-01     
7.44900e-01     3.79588e-01     
7.46200e-01     3.79510e-01     
7.47500e-01     3.79737e-01     
7.48800e-01     3.80307e-01     
7.50100e-01     3.80974e-01     
7.51400e-01     3.81585e-01     
7.52700e-01     3.81933e-01     
7.54000e-01     3.82010e-01     
7.55300e-01     3.81741e-01     
7.56600e-01     3.81255e-01     
7.57900e-01     3.80725e-01     
7.59200e-01     3.80238e-01     
7.60500e-01     3.79865e-01     
7.61800e-01     3.79645e-01     
7.63100e-01     3.79557e-01     
7.64400e-01     3.79616e-01     
7.65700e-01     3.80014e-01     
7.67000e-01     3.80671e-01     
7.68300e-01     3.81344e-01     
7.69600e-01     3.81832e-01     
7.70900e-01     3.82019e-01     
7.72200e-01     3.81899e-01     
7.73500e-01     3.81484e-01     
7.74800e-01     3.80962e-01     
7.76100e-01     3.80437e-01     
7.77400e-01     3.80016e-01     
7.78700e-01     3.79736e-01     
7.80000e-01     3.79596e-01     
7.81300e-01     3.79526e-01     
7.82600e-01     3.79779e-01     
7.83900e-01     3.80356e-01     
7.85200e-01     3.81024e-01     
7.86500e-01     3.81623e-01     
7.87800e-01     3.81949e-01     
7.89100e-01     3.82007e-01     
7.90400e-01     3.81718e-01     
7.91700e-01     3.81214e-01     
7.93000e-01     3.80682e-01     
7.94300e-01     3.80202e-01     
7.95600e-01     3.79842e-01     
7.96900e-01     3.79630e-01     
7.98200e-01     3.79541e-01     
7.99500e-01     3.79616e-01     
8.00800e-01     3.80036e-01     
8.02100e-01     3.80697e-01     
8.03400e-01     3.81369e-01     
8.04700e-01     3.81841e-01     
8.06000e-01     3.82016e-01     
8.07300e-01     3.81876e-01     
8.08600e-01     3.81450e-01     
8.09900e-01     3.80930e-01     
8.11200e-01     3.80411e-01     
8.12500e-01     3.79994e-01     
8.13800e-01     3.79725e-01     
8.15100e-01     3.79598e-01     
8.16400e-01     3.79543e-01     
8.17700e-01     3.79818e-01     
8.19000e-01     3.80404e-01     
8.20300e-01     3.81071e-01     
8.21600e-01     3.81657e-01     
8.22900e-01     3.81962e-01     
8.24200e-01     3.82004e-01     
8.25500e-01     3.81695e-01     
8.26800e-01     3.81175e-01     
8.28100e-01     3.80639e-01     
8.29400e-01     3.80166e-01     
8.30700e-01     3.79821e-01     
8.32000e-01     3.79615e-01     
8.33300e-01     3.79518e-01     
8.34600e-01     3.79613e-01     
8.35900e-01     3.80059e-01     
8.37200e-01     3.80724e-01     
8.38500e-01     3.81394e-01     
8.39800e-01     3.81852e-01     
8.41100e-01     3.82013e-01     
8.42400e-01     3.81851e-01     
8.43700e-01     3.81417e-01     
8.45000e-01     3.80898e-01     
8.46300e-01     3.80384e-01     
8.47600e-01     3.79972e-01     
8.48900e-01     3.79713e-01     
8.50200e-01     3.79597e-01     
8.51500e-01     3.79563e-01     
8.52800e-01     3.79858e-01     
8.54100e-01     3.80456e-01     
8.55400e-01     3.81121e-01     
8.56700e-01     3.81693e-01     
8.58000e-01     3.81979e-01     
8.59300e-01     3.81995e-01     
8.60600e-01     3.81670e-01     
8.61900e-01     3.81140e-01     
8.63200e-01     3.80599e-01     
8.64500e-01     3.80139e-01     
8.65800e-01     3.79807e-01     
8.67100e-01     3.79605e-01     
8.68400e-01     3.79503e-01     
8.69700e-01     3.79622e-01     
8.71000e-01     3.80094e-01     
8.72300e-01     3.80763e-01     
8.73600e-01     3.81427e-01     
8.74900e-01     3.81869e-01     
8.76200e-01     3.82012e-01     
8.77500e-01     3.81829e-01     
8.78800e-01     3.81390e-01     
8.80100e-01     3.80866e-01     
8.81400e-01     3.80356e-01     
8.82700e-01     3.79951e-01     
8.84000e-01     3.79699e-01     
8.85300e-01     3.79589e-01     
8.86600e-01     3.79575e-01     
8.87900e-01     3.79891e-01     
8.89200e-01     3.80502e-01     
8.90500e-01     3.81168e-01     
8.91800e-01     3.81723e-01     
8.93100e-01     3.81993e-01     
8.94400e-01     3.81979e-01     
8.95700e-01     3.81637e-01     
8.97000e-01     3.81104e-01     
8.98300e-01     3.80560e-01     
8.99600e-01     3.80111e-01     
9.00900e-01     3.79790e-01     
9.02200e-01     3.79593e-01     
9.03500e-01     3.79488e-01     
9.04800e-01     3.79631e-01     
9.06100e-01     3.80131e-01     
9.07400e-01     3.80802e-01     
9.08700e-01     3.81459e-01     
9.10000e-01     3.81880e-01     
9.11300e-01     3.82007e-01     
9.12600e-01     3.81801e-01     
9.13900e-01     3.81356e-01     
9.15200e-01     3.80830e-01     
9.16500e-01     3.80322e-01     
9.17800e-01     3.79922e-01     
9.19100e-01     3.79675e-01     
9.20400e-01     3.79573e-01     
9.21700e-01     3.79577e-01     
9.23000e-01     3.79909e-01     
9.24300e-01     3.80532e-01     
9.25600e-01     3.81200e-01     
9.26900e-01     3.81736e-01     
9.28200e-01     3.81988e-01     
9.29500e-01     3.81948e-01     
9.30800e-01     3.81586e-01     
9.32100e-01     3.81057e-01     
9.33400e-01     3.80514e-01     
9.34700e-01     3.80074e-01     
9.36000e-01     3.79761e-01     
9.37300e-01     3.79570e-01     
9.38600e-01     3.79470e-01     
9.39900e-01     3.79633e-01     
9.41200e-01     3.80159e-01     
9.42500e-01     3.80831e-01     
9.43800e-01     3.81476e-01     
9.45100e-01     3.81877e-01     
9.46400e-01     3.81991e-01     
9.47700e-01     3.81768e-01     
9.49000e-01     3.81313e-01     
9.50300e-01     3.80788e-01     
9.51600e-01     3.80284e-01     
9.52900e-01     3.79891e-01     
9.54200e-01     3.79650e-01     
9.55500e-01     3.79553e-01     
9.56800e-01     3.79579e-01     
9.58100e-01     3.79926e-01     
9.59400e-01     3.80561e-01     
9.60700e-01     3.81232e-01     
9.62000e-01     3.81750e-01     
9.63300e-01     3.81983e-01     
9.64600e-01     3.81920e-01     
9.65900e-01     3.81543e-01     
9.67200e-01     3.81016e-01     
9.68500e-01     3.80475e-01     
9.69800e-01     3.80044e-01     
9.71100e-01     3.79740e-01     
9.72400e-01     3.79561e-01     
9.73700e-01     3.79471e-01     
9.75000e-01     3.79657e-01     
9.76300e-01     3.80206e-01     
9.77600e-01     3.80877e-01     
9.78900e-01     3.81509e-01     
9.80200e-01     3.81891e-01     
9.81500e-01     3.81991e-01     
9.82800e-01     3.81753e-01     
9.84100e-01     3.81287e-01     
9.85400e-01     3.80760e-01     
9.86700e-01     3.80263e-01     
9.88000e-01     3.79875e-01     
9.89300e-01     3.79643e-01     
9.90600e-01     3.79552e-01     
9.91900e-01     3.79591e-01     
9.93200e-01     3.79958e-01     
9.94500e-01     3.80605e-01     
9.95800e-01     3.81278e-01     
9.97100e-01     3.81784e-01     
9.98400e-01     3.81996e-01     
9.99700e-01     3.81910e-01     
1.00100e+00     3.81517e-01     
1.00230e+00     3.80993e-01     
1.00360e+00     3.80456e-01     
1.00490e+00     3.80031e-01     
1.00620e+00     3.79739e-01     
1.00750e+00     3.79575e-01     
1.00880e+00     3.79493e-01     
1.01010e+00     3.79707e-01     
1.01140e+00     3.80271e-01     
1.01270e+00     3.80940e-01     
1.01400e+00     3.81556e-01     
1.01530e+00     3.81915e-01     
1.01660e+00     3.81997e-01     
1.01790e+00     3.81739e-01     
1.01920e+00     3.81259e-01     
1.02050e+00     3.80730e-01     
1.02180e+00     3.80241e-01     
1.02310e+00     3.79863e-01     
1.02440e+00     3.79639e-01     
1.02570e+00     3.79551e-01     
1.02700e+00     3.79602e-01     
1.02830e+00     3.79991e-01     
1.02960e+00     3.80645e-01     
1.03090e+00     3.81319e-01     
1.03220e+00     3.81815e-01     
1.03350e+00     3.82008e-01     
1.03480e+00     3.81897e-01     
1.03610e+00     3.81489e-01     
1.03740e+00     3.80967e-01     
1.03870e+00     3.80439e-01     
1.04000e+00     3.80017e-01     
1.04130e+00     3.79734e-01     
1.04260e+00     3.79586e-01     
1.04390e+00     3.79512e-01     
1.04520e+00     3.79754e-01     
1.04650e+00     3.80327e-01     
1.04780e+00     3.80996e-01     
1.04910e+00     3.81599e-01     
1.05040e+00     3.81935e-01     
1.05170e+00     3.82001e-01     
1.05300e+00     3.81720e-01     
1.05430e+00     3.81225e-01     
1.05560e+00     3.80694e-01     
1.05690e+00     3.80213e-01     
1.05820e+00     3.79847e-01     
1.05950e+00     3.79631e-01     
1.06080e+00     3.79543e-01     
1.06210e+00     3.79612e-01     
1.06340e+00     3.80022e-01     
1.06470e+00     3.80680e-01     
1.06600e+00     3.81353e-01     
1.06730e+00     3.81831e-01     
1.06860e+00     3.82011e-01     
1.06990e+00     3.81881e-01     
1.07120e+00     3.81458e-01     
1.07250e+00     3.80938e-01     
1.07380e+00     3.80418e-01     
1.07510e+00     3.80000e-01     
1.07640e+00     3.79726e-01     
1.07770e+00     3.79595e-01     
1.07900e+00     3.79533e-01     
1.08030e+00     3.79799e-01     
1.08160e+00     3.80380e-01     
1.08290e+00     3.81048e-01     
1.08420e+00     3.81639e-01     
1.08550e+00     3.81953e-01     
1.08680e+00     3.82001e-01     
1.08810e+00     3.81701e-01     
1.08940e+00     3.81187e-01     
1.09070e+00     3.80654e-01     
1.09200e+00     3.80177e-01     
1.09330e+00     3.79826e-01     
1.09460e+00     3.79618e-01     
1.09590e+00     3.79523e-01     
1.09720e+00     3.79610e-01     
1.09850e+00     3.80044e-01     
1.09980e+00     3.80707e-01     
1.10110e+00     3.81378e-01     
1.10240e+00     3.81842e-01     
1.10370e+00     3.82011e-01     
1.10500e+00     3.81857e-01     
1.10630e+00     3.81427e-01     
1.10760e+00     3.80909e-01     
1.10890e+00     3.80393e-01     
1.11020e+00     3.79977e-01     
1.11150e+00     3.79716e-01     
1.11280e+00     3.79595e-01     
1.11410e+00     3.79552e-01     
1.11540e+00     3.79838e-01     
1.11670e+00     3.80430e-01     
1.11800e+00     3.81095e-01     
1.11930e+00     3.81673e-01     
1.12060e+00     3.81969e-01     
1.12190e+00     3.81996e-01     
1.12320e+00     3.81679e-01     
1.12450e+00     3.81150e-01     
1.12580e+00     3.80612e-01     
1.12710e+00     3.80147e-01     
1.12840e+00     3.79810e-01     
1.12970e+00     3.79606e-01     
1.13100e+00     3.79505e-01     
1.13230e+00     3.79615e-01     
1.13360e+00     3.80075e-01     
1.13490e+00     3.80743e-01     
1.13620e+00     3.81410e-01     
1.13750e+00     3.81859e-01     
1.13880e+00     3.82010e-01     
1.14010e+00     3.81835e-01     
1.14140e+00     3.81399e-01     
1.14270e+00     3.80877e-01     
1.14400e+00     3.80366e-01     
1.14530e+00     3.79959e-01     
1.14660e+00     3.79705e-01     
1.14790e+00     3.79592e-01     
1.14920e+00     3.79571e-01     
1.15050e+00     3.79877e-01     
1.15180e+00     3.80483e-01     
1.15310e+00     3.81147e-01     
1.15440e+00     3.81710e-01     
1.15570e+00     3.81987e-01     
1.15700e+00     3.81984e-01     
1.15830e+00     3.81650e-01     
1.15960e+00     3.81118e-01     
1.16090e+00     3.80576e-01     
1.16220e+00     3.80123e-01     
1.16350e+00     3.79797e-01     
1.16480e+00     3.79598e-01     
1.16610e+00     3.79494e-01     
1.16740e+00     3.79628e-01     
1.16870e+00     3.80117e-01     
1.17000e+00     3.80787e-01     
1.17130e+00     3.81447e-01     
1.17260e+00     3.81877e-01     
1.17390e+00     3.82011e-01     
1.17520e+00     3.81815e-01     
1.17650e+00     3.81372e-01     
1.17780e+00     3.80847e-01     
1.17910e+00     3.80337e-01     
1.18040e+00     3.79935e-01     
1.18170e+00     3.79686e-01     
1.18300e+00     3.79580e-01     
1.18430e+00     3.79577e-01     
1.18560e+00     3.79902e-01     
1.18690e+00     3.80521e-01     
1.18820e+00     3.81188e-01     
1.18950e+00     3.81732e-01     
1.19080e+00     3.81991e-01     
1.19210e+00     3.81962e-01     
1.19340e+00     3.81607e-01     
1.19470e+00     3.81077e-01     
1.19600e+00     3.80532e-01     
1.19730e+00     3.80087e-01     
1.19860e+00     3.79772e-01     
1.19990e+00     3.79579e-01     
1.20120e+00     3.79476e-01     
1.20250e+00     3.79631e-01     
1.20380e+00     3.80146e-01     
1.20510e+00     3.80817e-01     
1.20640e+00     3.81468e-01     
1.20770e+00     3.81877e-01     
1.20900e+00     3.81995e-01     
1.21030e+00     3.81779e-01     
1.21160e+00     3.81328e-01     
1.21290e+00     3.80803e-01     
1.21420e+00     3.80297e-01     
1.21550e+00     3.79901e-01     
1.21680e+00     3.79658e-01     
1.21810e+00     3.79559e-01     
1.21940e+00     3.79576e-01     
1.22070e+00     3.79917e-01     
1.22200e+00     3.80547e-01     
1.22330e+00     3.81217e-01     
1.22460e+00     3.81741e-01     
1.22590e+00     3.81983e-01     
1.22720e+00     3.81929e-01     
1.22850e+00     3.81557e-01     
1.22980e+00     3.81030e-01     
1.23110e+00     3.80488e-01     
1.23240e+00     3.80054e-01     
1.23370e+00     3.79746e-01     
1.23500e+00     3.79562e-01     
1.23630e+00     3.79467e-01     
1.23760e+00     3.79644e-01     
1.23890e+00     3.80184e-01     
1.24020e+00     3.80855e-01     
1.24150e+00     3.81494e-01     
1.24280e+00     3.81882e-01     
1.24410e+00     3.81989e-01     
1.24540e+00     3.81757e-01     
1.24670e+00     3.81296e-01     
1.24800e+00     3.80770e-01     
1.24930e+00     3.80269e-01     
1.25060e+00     3.79880e-01     
1.25190e+00     3.79644e-01     
1.25320e+00     3.79550e-01     
1.25450e+00     3.79584e-01     
1.25580e+00     3.79944e-01     
1.25710e+00     3.80586e-01     
1.25840e+00     3.81258e-01     
1.25970e+00     3.81768e-01     
1.26100e+00     3.81989e-01     
1.26230e+00     3.81913e-01     
1.26360e+00     3.81526e-01     
1.26490e+00     3.80999e-01     
1.26620e+00     3.80461e-01     
1.26750e+00     3.80034e-01     
1.26880e+00     3.79736e-01     
1.27010e+00     3.79567e-01     
1.27140e+00     3.79481e-01     
1.27270e+00     3.79684e-01     
1.27400e+00     3.80243e-01     
1.27530e+00     3.80912e-01     
1.27660e+00     3.81534e-01     
1.27790e+00     3.81903e-01     
1.27920e+00     3.81993e-01     
1.28050e+00     3.81743e-01     
1.28180e+00     3.81270e-01     
1.28310e+00     3.80742e-01     
1.28440e+00     3.80249e-01     
1.28570e+00     3.79867e-01     
1.28700e+00     3.79640e-01     
1.28830e+00     3.79551e-01     
1.28960e+00     3.79596e-01     
1.29090e+00     3.79977e-01     
1.29220e+00     3.80628e-01     
1.29350e+00     3.81302e-01     
1.29480e+00     3.81803e-01     
1.29610e+00     3.82004e-01     
1.29740e+00     3.81902e-01     
1.29870e+00     3.81500e-01     
1.30000e+00     3.80978e-01     
1.30130e+00     3.80446e-01     
1.30260e+00     3.80024e-01     
1.30390e+00     3.79737e-01     
1.30520e+00     3.79583e-01     
1.30650e+00     3.79505e-01     
1.30780e+00     3.79736e-01     
1.30910e+00     3.80306e-01     
1.31040e+00     3.80975e-01     
1.31170e+00     3.81582e-01     
1.31300e+00     3.81927e-01     
1.31430e+00     3.82001e-01     
1.31560e+00     3.81729e-01     
1.31690e+00     3.81242e-01     
1.31820e+00     3.80712e-01     
1.31950e+00     3.80227e-01     
1.32080e+00     3.79856e-01     
1.32210e+00     3.79637e-01     
1.32340e+00     3.79549e-01     
1.32470e+00     3.79612e-01     
1.32600e+00     3.80012e-01     
1.32730e+00     3.80669e-01     
1.32860e+00     3.81341e-01     
1.32990e+00     3.81827e-01     
1.33120e+00     3.82011e-01     
1.33250e+00     3.81889e-01     
1.33380e+00     3.81471e-01     
1.33510e+00     3.80951e-01     
1.33640e+00     3.80427e-01     
1.33770e+00     3.80007e-01     
1.33900e+00     3.79729e-01     
1.34030e+00     3.79593e-01     
1.34160e+00     3.79524e-01     
1.34290e+00     3.79781e-01     
1.34420e+00     3.80359e-01     
1.34550e+00     3.81027e-01     
1.34680e+00     3.81623e-01     
1.34810e+00     3.81946e-01     
1.34940e+00     3.82001e-01     
1.35070e+00     3.81708e-01     
1.35200e+00     3.81202e-01     
1.35330e+00     3.80670e-01     
1.35460e+00     3.80192e-01     
1.35590e+00     3.79834e-01     
1.35720e+00     3.79623e-01     
1.35850e+00     3.79532e-01     
1.35980e+00     3.79611e-01     
1.36110e+00     3.80035e-01     
1.36240e+00     3.80695e-01     
1.36370e+00     3.81367e-01     
1.36500e+00     3.81837e-01     
1.36630e+00     3.82010e-01     
1.36760e+00     3.81866e-01     
1.36890e+00     3.81439e-01     
1.37020e+00     3.80920e-01     
1.37150e+00     3.80402e-01     
1.37280e+00     3.79985e-01     
1.37410e+00     3.79719e-01     
1.37540e+00     3.79594e-01     
1.37670e+00     3.79542e-01     
1.37800e+00     3.79821e-01     
1.37930e+00     3.80408e-01     
1.38060e+00     3.81073e-01     
1.38190e+00     3.81658e-01     
1.38320e+00     3.81960e-01     
1.38450e+00     3.81998e-01     
1.38580e+00     3.81687e-01     
1.38710e+00     3.81164e-01     
1.38840e+00     3.80627e-01     
1.38970e+00     3.80158e-01     
1.39100e+00     3.79815e-01     
1.39230e+00     3.79610e-01     
1.39360e+00     3.79511e-01     
1.39490e+00     3.79610e-01     
1.39620e+00     3.80060e-01     
1.39750e+00     3.80727e-01     
1.39880e+00     3.81395e-01     
1.40010e+00     3.81851e-01     
1.40140e+00     3.82010e-01     
1.40270e+00     3.81843e-01     
1.40400e+00     3.81410e-01     
1.40530e+00     3.80889e-01     
1.40660e+00     3.80375e-01     
1.40790e+00     3.79967e-01     
1.40920e+00     3.79709e-01     
1.41050e+00     3.79594e-01     
1.41180e+00     3.79564e-01     
1.41310e+00     3.79863e-01     
1.41440e+00     3.80463e-01     
1.41570e+00     3.81127e-01     
1.41700e+00     3.81696e-01     
1.41830e+00     3.81980e-01     
1.41960e+00     3.81989e-01     
1.42090e+00     3.81663e-01     
1.42220e+00     3.81132e-01     
1.42350e+00     3.80590e-01     
1.42480e+00     3.80133e-01     
1.42610e+00     3.79803e-01     
1.42740e+00     3.79602e-01     
1.42870e+00     3.79498e-01     
1.43000e+00     3.79622e-01     
1.43130e+00     3.80099e-01     
1.43260e+00     3.80768e-01     
1.43390e+00     3.81431e-01     
1.43520e+00     3.81869e-01     
1.43650e+00     3.82010e-01     
1.43780e+00     3.81822e-01     
1.43910e+00     3.81383e-01     
1.44040e+00     3.80858e-01     
1.44170e+00     3.80348e-01     
1.44300e+00     3.79945e-01     
1.44430e+00     3.79694e-01     
1.44560e+00     3.79585e-01     
1.44690e+00     3.79574e-01     
1.44820e+00     3.79892e-01     
1.44950e+00     3.80506e-01     
1.45080e+00     3.81172e-01     
1.45210e+00     3.81724e-01     
1.45340e+00     3.81991e-01     
1.45470e+00     3.81973e-01     
1.45600e+00     3.81626e-01     
1.45730e+00     3.81094e-01     
1.45860e+00     3.80550e-01     
1.45990e+00     3.80102e-01     
1.46120e+00     3.79783e-01     
1.46250e+00     3.79588e-01     
1.46380e+00     3.79483e-01     
1.46510e+00     3.79630e-01     
1.46640e+00     3.80133e-01     
1.46770e+00     3.80804e-01     
1.46900e+00     3.81459e-01     
1.47030e+00     3.81877e-01     
1.47160e+00     3.82001e-01     
1.47290e+00     3.81792e-01     
1.47420e+00     3.81346e-01     
1.47550e+00     3.80820e-01     
1.47680e+00     3.80313e-01     
1.47810e+00     3.79914e-01     
1.47940e+00     3.79668e-01     
1.48070e+00     3.79567e-01     
1.48200e+00     3.79575e-01     
1.48330e+00     3.79909e-01     
1.48460e+00     3.80534e-01     
1.48590e+00     3.81203e-01     
1.48720e+00     3.81735e-01     
1.48850e+00     3.81985e-01     
1.48980e+00     3.81939e-01     
1.49110e+00     3.81575e-01     
1.49240e+00     3.81046e-01     
1.49370e+00     3.80504e-01     
1.49500e+00     3.80066e-01     
1.49630e+00     3.79755e-01     
1.49760e+00     3.79566e-01     
1.49890e+00     3.79467e-01     
1.50020e+00     3.79634e-01     
1.50150e+00     3.80164e-01     
1.50280e+00     3.80836e-01     
1.50410e+00     3.81480e-01     
1.50540e+00     3.81876e-01     
1.50670e+00     3.81988e-01     
1.50800e+00     3.81762e-01     
1.50930e+00     3.81305e-01     
1.51060e+00     3.80781e-01     
1.51190e+00     3.80278e-01     
1.51320e+00     3.79886e-01     
1.51450e+00     3.79646e-01     
1.51580e+00     3.79550e-01     
1.51710e+00     3.79579e-01     
1.51840e+00     3.79930e-01     
1.51970e+00     3.80567e-01     
1.52100e+00     3.81238e-01     
1.52230e+00     3.81753e-01     
1.52360e+00     3.81984e-01     
1.52490e+00     3.81916e-01     
1.52620e+00     3.81536e-01     
1.52750e+00     3.81009e-01     
1.52880e+00     3.80470e-01     
1.53010e+00     3.80040e-01     
1.53140e+00     3.79737e-01     
1.53270e+00     3.79561e-01     
1.53400e+00     3.79472e-01     
1.53530e+00     3.79664e-01     
1.53660e+00     3.80216e-01     
1.53790e+00     3.80887e-01     
1.53920e+00     3.81515e-01     
1.54050e+00     3.81894e-01     
1.54180e+00     3.81991e-01     
1.54310e+00     3.81750e-01     
1.54440e+00     3.81282e-01     
1.54570e+00     3.80755e-01     
1.54700e+00     3.80259e-01     
1.54830e+00     3.79873e-01     
1.54960e+00     3.79643e-01     
1.55090e+00     3.79552e-01     
1.55220e+00     3.79593e-01     
1.55350e+00     3.79964e-01     
1.55480e+00     3.80613e-01     
1.55610e+00     3.81286e-01     
1.55740e+00     3.81791e-01     
1.55870e+00     3.81999e-01     
1.56000e+00     3.81909e-01     
1.56130e+00     3.81513e-01     
1.56260e+00     3.80990e-01     
1.56390e+00     3.80454e-01     
1.56520e+00     3.80030e-01     
1.56650e+00     3.79739e-01     
1.56780e+00     3.79579e-01     
1.56910e+00     3.79498e-01     
1.57040e+00     3.79717e-01     
1.57170e+00     3.80284e-01     
1.57300e+00     3.80951e-01     
1.57430e+00     3.81565e-01     
1.57560e+00     3.81919e-01     
1.57690e+00     3.81999e-01     
1.57820e+00     3.81738e-01     
1.57950e+00     3.81255e-01     
1.58080e+00     3.80726e-01     
1.58210e+00     3.80238e-01     
1.58340e+00     3.79861e-01     
1.58470e+00     3.79640e-01     
1.58600e+00     3.79551e-01     
1.58730e+00     3.79605e-01     
1.58860e+00     3.79998e-01     
1.58990e+00     3.80653e-01     
1.59120e+00     3.81326e-01     
1.59250e+00     3.81819e-01     
1.59380e+00     3.82009e-01     
1.59510e+00     3.81895e-01     
1.59640e+00     3.81483e-01     
1.59770e+00     3.80962e-01     
1.59900e+00     3.80436e-01     
1.60030e+00     3.80014e-01     
1.60160e+00     3.79732e-01     
1.60290e+00     3.79589e-01     
1.60420e+00     3.79515e-01     
1.60550e+00     3.79762e-01     
1.60680e+00     3.80337e-01     
1.60810e+00     3.81005e-01     
1.60940e+00     3.81606e-01     
1.61070e+00     3.81938e-01     
1.61200e+00     3.82000e-01     
1.61330e+00     3.81716e-01     
1.61460e+00     3.81218e-01     
1.61590e+00     3.80687e-01     
1.61720e+00     3.80206e-01     
1.61850e+00     3.79843e-01     
1.61980e+00     3.79629e-01     
1.62110e+00     3.79540e-01     
1.62240e+00     3.79611e-01     
1.62370e+00     3.80026e-01     
1.62500e+00     3.80685e-01     
1.62630e+00     3.81358e-01     
1.62760e+00     3.81833e-01     
1.62890e+00     3.82011e-01     
1.63020e+00     3.81877e-01     
1.63150e+00     3.81452e-01     
1.63280e+00     3.80933e-01     
1.63410e+00     3.80413e-01     
1.63540e+00     3.79996e-01     
1.63670e+00     3.79724e-01     
1.63800e+00     3.79595e-01     
1.63930e+00     3.79536e-01     
1.64060e+00     3.79806e-01     
1.64190e+00     3.80389e-01     
1.64320e+00     3.81056e-01     
1.64450e+00     3.81644e-01     
1.64580e+00     3.81956e-01     
1.64710e+00     3.82000e-01     
1.64840e+00     3.81697e-01     
1.64970e+00     3.81180e-01     
1.65100e+00     3.80645e-01     
1.65230e+00     3.80171e-01     
1.65360e+00     3.79823e-01     
1.65490e+00     3.79615e-01     
1.65620e+00     3.79520e-01     
1.65750e+00     3.79609e-01     
1.65880e+00     3.80049e-01     
1.66010e+00     3.80713e-01     
1.66140e+00     3.81383e-01     
1.66270e+00     3.81845e-01     
1.66400e+00     3.82010e-01     
1.66530e+00     3.81853e-01     
1.66660e+00     3.81421e-01     
1.66790e+00     3.80903e-01     
1.66920e+00     3.80387e-01     
1.67050e+00     3.79974e-01     
1.67180e+00     3.79713e-01     
1.67310e+00     3.79595e-01     
1.67440e+00     3.79556e-01     
1.67570e+00     3.79846e-01     
1.67700e+00     3.80440e-01     
1.67830e+00     3.81105e-01     
1.67960e+00     3.81680e-01     
1.68090e+00     3.81972e-01     
1.68220e+00     3.81994e-01     
1.68350e+00     3.81674e-01     
1.68480e+00     3.81145e-01     
1.68610e+00     3.80606e-01     
1.68740e+00     3.80142e-01     
1.68870e+00     3.79808e-01     
1.69000e+00     3.79604e-01     
1.69130e+00     3.79503e-01     
1.69260e+00     3.79617e-01     
1.69390e+00     3.80083e-01     
1.69520e+00     3.80750e-01     
1.69650e+00     3.81416e-01     
1.69780e+00     3.81861e-01     
1.69910e+00     3.82010e-01     
1.70040e+00     3.81830e-01     
1.70170e+00     3.81394e-01     
1.70300e+00     3.80872e-01     
1.70430e+00     3.80361e-01     
1.70560e+00     3.79954e-01     
1.70690e+00     3.79702e-01     
1.70820e+00     3.79590e-01     
1.70950e+00     3.79571e-01     
1.71080e+00     3.79883e-01     
1.71210e+00     3.80491e-01     
1.71340e+00     3.81155e-01     
1.71470e+00     3.81715e-01     
1.71600e+00     3.81989e-01     
1.71730e+00     3.81981e-01     
1.71860e+00     3.81643e-01     
1.71990e+00     3.81111e-01     
1.72120e+00     3.80569e-01     
1.72250e+00     3.80117e-01     
1.72380e+00     3.79794e-01     
1.72510e+00     3.79596e-01     
1.72640e+00     3.79491e-01     
1.72770e+00     3.79629e-01     
1.72900e+00     3.80123e-01     
1.73030e+00     3.80792e-01     
1.73160e+00     3.81452e-01     
1.73290e+00     3.81878e-01     
1.73420e+00     3.82009e-01     
1.73550e+00     3.81809e-01     
1.73680e+00     3.81365e-01     
1.73810e+00     3.80839e-01     
1.73940e+00     3.80331e-01     
1.74070e+00     3.79929e-01     
1.74200e+00     3.79681e-01     
1.74330e+00     3.79577e-01     
1.74460e+00     3.79576e-01     
1.74590e+00     3.79905e-01     
1.74720e+00     3.80525e-01     
1.74850e+00     3.81193e-01     
1.74980e+00     3.81733e-01     
1.75110e+00     3.81990e-01     
1.75240e+00     3.81955e-01     
1.75370e+00     3.81598e-01     
1.75500e+00     3.81068e-01     
1.75630e+00     3.80524e-01     
1.75760e+00     3.80081e-01     
1.75890e+00     3.79767e-01     
1.76020e+00     3.79575e-01     
1.76150e+00     3.79473e-01     
1.76280e+00     3.79631e-01     
1.76410e+00     3.80151e-01     
1.76540e+00     3.80823e-01     
1.76670e+00     3.81471e-01     
1.76800e+00     3.81877e-01     
1.76930e+00     3.81992e-01     
1.77060e+00     3.81773e-01     
1.77190e+00     3.81321e-01     
1.77320e+00     3.80796e-01     
1.77450e+00     3.80291e-01     
1.77580e+00     3.79897e-01     
1.77710e+00     3.79654e-01     
1.77840e+00     3.79556e-01     
1.77970e+00     3.79577e-01     
1.78100e+00     3.79921e-01     
1.78230e+00     3.80553e-01     
1.78360e+00     3.81222e-01     
1.78490e+00     3.81744e-01     
1.78620e+00     3.81983e-01     
1.78750e+00     3.81924e-01     
1.78880e+00     3.81551e-01     
1.79010e+00     3.81023e-01     
1.79140e+00     3.80482e-01     
1.79270e+00     3.80049e-01     
1.79400e+00     3.79743e-01     
1.79530e+00     3.79561e-01     
1.79660e+00     3.79469e-01     
1.79790e+00     3.79649e-01     
1.79920e+00     3.80193e-01     
1.80050e+00     3.80864e-01     
1.80180e+00     3.81500e-01     
1.80310e+00     3.81885e-01     
1.80440e+00     3.81989e-01     
1.80570e+00     3.81755e-01     
1.80700e+00     3.81291e-01     
1.80830e+00     3.80766e-01     
1.80960e+00     3.80266e-01     
1.81090e+00     3.79877e-01     
1.81220e+00     3.79643e-01     
1.81350e+00     3.79551e-01     
1.81480e+00     3.79587e-01     
1.81610e+00     3.79950e-01     
1.81740e+00     3.80594e-01     
1.81870e+00     3.81267e-01     
1.82000e+00     3.81775e-01     
1.82130e+00     3.81991e-01     
1.82260e+00     3.81912e-01     
1.82390e+00     3.81522e-01     
1.82520e+00     3.80996e-01     
1.82650e+00     3.80458e-01     
1.82780e+00     3.80032e-01     
1.82910e+00     3.79737e-01     
1.83040e+00     3.79570e-01     
1.83170e+00     3.79486e-01     
1.83300e+00     3.79694e-01     
1.83430e+00     3.80255e-01     
1.83560e+00     3.80924e-01     
1.83690e+00     3.81543e-01     
1.83820e+00     3.81908e-01     
1.83950e+00     3.81994e-01     
1.84080e+00     3.81741e-01     
1.84210e+00     3.81265e-01     
1.84340e+00     3.80737e-01     
1.84470e+00     3.80245e-01     
1.84600e+00     3.79865e-01     
1.84730e+00     3.79639e-01     
1.84860e+00     3.79550e-01     
1.84990e+00     3.79597e-01     
1.85120e+00     3.79983e-01     
1.85250e+00     3.80636e-01     
1.85380e+00     3.81309e-01     
1.85510e+00     3.81809e-01     
1.85640e+00     3.82005e-01     
1.85770e+00     3.81900e-01     
1.85900e+00     3.81495e-01     
1.86030e+00     3.80973e-01     
1.86160e+00     3.80443e-01     
1.86290e+00     3.80021e-01     
1.86420e+00     3.79735e-01     
1.86550e+00     3.79584e-01     
1.86680e+00     3.79508e-01     
1.86810e+00     3.79744e-01     
1.86940e+00     3.80316e-01     
1.87070e+00     3.80983e-01     
1.87200e+00     3.81590e-01     
1.87330e+00     3.81931e-01     
1.87460e+00     3.82001e-01     
1.87590e+00     3.81725e-01     
1.87720e+00     3.81235e-01     
1.87850e+00     3.80704e-01     
1.87980e+00     3.80220e-01     
1.88110e+00     3.79852e-01     
1.88240e+00     3.79634e-01     
1.88370e+00     3.79547e-01     
1.88500e+00     3.79611e-01     
1.88630e+00     3.80017e-01     
1.88760e+00     3.80674e-01     
1.88890e+00     3.81347e-01     
1.89020e+00     3.81828e-01     
1.89150e+00     3.82011e-01     
1.89280e+00     3.81885e-01     
1.89410e+00     3.81465e-01     
1.89540e+00     3.80945e-01     
1.89670e+00     3.80423e-01     
1.89800e+00     3.80004e-01     
1.89930e+00     3.79727e-01     
1.90060e+00     3.79593e-01     
1.90190e+00     3.79528e-01     
1.90320e+00     3.79789e-01     
1.90450e+00     3.80367e-01     
1.90580e+00     3.81036e-01     
1.90710e+00     3.81630e-01     
1.90840e+00     3.81948e-01     
1.90970e+00     3.82001e-01     
1.91100e+00     3.81705e-01     
1.91230e+00     3.81195e-01     
1.91360e+00     3.80662e-01     
1.91490e+00     3.80185e-01     
1.91620e+00     3.79831e-01     
1.91750e+00     3.79621e-01     
1.91880e+00     3.79528e-01     
1.92010e+00     3.79610e-01     
1.92140e+00     3.80038e-01     
1.92270e+00     3.80700e-01     
1.92400e+00     3.81371e-01     
1.92530e+00     3.81839e-01     
1.92660e+00     3.82010e-01     
1.92790e+00     3.81863e-01     
1.92920e+00     3.81433e-01     
1.93050e+00     3.80915e-01     
1.93180e+00     3.80398e-01     
1.93310e+00     3.79982e-01     
1.93440e+00     3.79717e-01     
1.93570e+00     3.79594e-01     
1.93700e+00     3.79546e-01     
1.93830e+00     3.79828e-01     
1.93960e+00     3.80418e-01     
1.94090e+00     3.81083e-01     
1.94220e+00     3.81664e-01     
1.94350e+00     3.81964e-01     
1.94480e+00     3.81997e-01     
1.94610e+00     3.81683e-01     
1.94740e+00     3.81158e-01     
1.94870e+00     3.80620e-01     
1.95000e+00     3.80153e-01     
1.95130e+00     3.79813e-01     
1.95260e+00     3.79608e-01     
1.95390e+00     3.79508e-01     
1.95520e+00     3.79612e-01     
1.95650e+00     3.80066e-01     
1.95780e+00     3.80733e-01     
1.95910e+00     3.81401e-01     
