"Drag Convergence"
"Flow Time" "Cd"
4.39390e-04     8.22153e-01     
8.78780e-04     8.91645e-01     
1.31817e-03     8.93452e-01     
1.75756e-03     8.67881e-01     
2.19695e-03     8.28190e-01     
2.63634e-03     7.82441e-01     
3.07573e-03     7.36034e-01     
3.51512e-03     6.91965e-01     
3.95451e-03     6.52060e-01     
4.39390e-03     6.17062e-01     
4.83329e-03     5.87328e-01     
5.27268e-03     5.63192e-01     
5.71207e-03     5.44699e-01     
6.15146e-03     5.31798e-01     
6.59085e-03     5.23997e-01     
7.03024e-03     5.20570e-01     
7.46963e-03     5.20698e-01     
7.90902e-03     5.23360e-01     
8.34841e-03     5.27377e-01     
8.78780e-03     5.31552e-01     
9.22719e-03     5.34757e-01     
9.66658e-03     5.35850e-01     
1.01060e-02     5.33872e-01     
1.05454e-02     5.28144e-01     
1.09847e-02     5.18215e-01     
1.14241e-02     5.03892e-01     
1.18635e-02     4.85454e-01     
1.23029e-02     4.63718e-01     
1.27423e-02     4.39719e-01     
1.31817e-02     4.14825e-01     
1.36211e-02     3.91219e-01     
1.40605e-02     3.73155e-01     
1.44999e-02     3.66152e-01     
1.49393e-02     3.75897e-01     
1.53786e-02     4.05488e-01     
1.58180e-02     4.53377e-01     
1.62574e-02     5.13912e-01     
1.66968e-02     5.79228e-01     
1.71362e-02     6.41701e-01     
1.75756e-02     6.95314e-01     
1.80150e-02     7.35986e-01     
1.84544e-02     7.61284e-01     
1.88938e-02     7.69992e-01     
1.93332e-02     7.63297e-01     
1.97726e-02     7.44389e-01     
2.02119e-02     7.19222e-01     
2.06513e-02     6.96224e-01     
2.10907e-02     6.85697e-01     
2.15301e-02     6.95806e-01     
2.19695e-02     7.28318e-01     
2.24089e-02     7.78237e-01     
2.28483e-02     8.37794e-01     
2.32877e-02     8.99145e-01     
2.37271e-02     9.56330e-01     
2.41664e-02     1.00529e+00     
2.46058e-02     1.04311e+00     
2.50452e-02     1.06774e+00     
2.54846e-02     1.07748e+00     
2.59240e-02     1.07127e+00     
