"Lift Convergence"
"Flow Time" "Cl"
1.30000e-03     -2.84750e-01    
2.60000e-03     -4.23689e-01    
3.90000e-03     -5.05187e-01    
5.20000e-03     -5.67229e-01    
6.50000e-03     -6.16570e-01    
7.80000e-03     -6.46519e-01    
9.10000e-03     -6.63062e-01    
1.04000e-02     -6.61544e-01    
1.17000e-02     -6.50894e-01    
1.30000e-02     -6.38264e-01    
1.43000e-02     -6.27411e-01    
1.56000e-02     -6.19487e-01    
1.69000e-02     -6.15692e-01    
1.82000e-02     -6.17450e-01    
1.95000e-02     -6.24671e-01    
2.08000e-02     -6.37701e-01    
2.21000e-02     -6.55301e-01    
2.34000e-02     -6.74525e-01    
2.47000e-02     -6.92600e-01    
2.60000e-02     -7.07167e-01    
2.73000e-02     -7.15135e-01    
2.86000e-02     -7.14915e-01    
2.99000e-02     -7.06130e-01    
3.12000e-02     -6.89442e-01    
3.25000e-02     -6.67706e-01    
3.38000e-02     -6.44371e-01    
3.51000e-02     -6.22591e-01    
3.64000e-02     -6.06496e-01    
3.77000e-02     -5.97216e-01    
3.90000e-02     -5.94973e-01    
4.03000e-02     -6.00739e-01    
4.16000e-02     -6.14191e-01    
4.29000e-02     -6.33529e-01    
4.42000e-02     -6.55642e-01    
4.55000e-02     -6.76458e-01    
4.68000e-02     -6.92695e-01    
4.81000e-02     -7.01595e-01    
4.94000e-02     -7.01151e-01    
5.07000e-02     -6.91920e-01    
5.20000e-02     -6.75682e-01    
5.33000e-02     -6.54568e-01    
5.46000e-02     -6.32418e-01    
5.59000e-02     -6.13164e-01    
5.72000e-02     -6.00611e-01    
5.85000e-02     -5.97412e-01    
5.98000e-02     -6.03377e-01    
6.11000e-02     -6.17359e-01    
6.24000e-02     -6.36459e-01    
6.37000e-02     -6.57902e-01    
6.50000e-02     -6.78705e-01    
6.63000e-02     -6.95072e-01    
6.76000e-02     -7.05098e-01    
6.89000e-02     -7.07267e-01    
7.02000e-02     -7.01569e-01    
7.15000e-02     -6.89379e-01    
7.28000e-02     -6.73383e-01    
7.41000e-02     -6.56801e-01    
7.54000e-02     -6.42577e-01    
7.67000e-02     -6.34692e-01    
7.80000e-02     -6.35292e-01    
7.93000e-02     -6.43001e-01    
8.06000e-02     -6.54999e-01    
8.19000e-02     -6.69547e-01    
8.32000e-02     -6.83937e-01    
8.45000e-02     -6.95502e-01    
8.58000e-02     -7.02373e-01    
8.71000e-02     -7.03305e-01    
8.84000e-02     -6.98342e-01    
8.97000e-02     -6.88876e-01    
9.10000e-02     -6.76947e-01    
9.23000e-02     -6.64687e-01    
9.36000e-02     -6.54030e-01    
9.49000e-02     -6.48505e-01    
9.62000e-02     -6.49363e-01    
9.75000e-02     -6.55257e-01    
9.88000e-02     -6.64295e-01    
1.00100e-01     -6.75026e-01    
1.01400e-01     -6.85769e-01    
1.02700e-01     -6.94207e-01    
1.04000e-01     -6.98033e-01    
1.05300e-01     -6.97042e-01    
1.06600e-01     -6.92037e-01    
1.07900e-01     -6.84050e-01    
1.09200e-01     -6.74502e-01    
1.10500e-01     -6.64597e-01    
1.11800e-01     -6.56490e-01    
1.13100e-01     -6.52174e-01    
1.14400e-01     -6.53142e-01    
1.15700e-01     -6.58057e-01    
1.17000e-01     -6.65418e-01    
1.18300e-01     -6.74241e-01    
1.19600e-01     -6.82898e-01    
1.20900e-01     -6.88603e-01    
1.22200e-01     -6.90757e-01    
1.23500e-01     -6.89349e-01    
1.24800e-01     -6.84924e-01    
1.26100e-01     -6.78096e-01    
1.27400e-01     -6.70279e-01    
1.28700e-01     -6.62620e-01    
1.30000e-01     -6.56364e-01    
1.31300e-01     -6.53373e-01    
1.32600e-01     -6.54609e-01    
1.33900e-01     -6.58998e-01    
1.35200e-01     -6.65353e-01    
1.36500e-01     -6.72863e-01    
1.37800e-01     -6.79303e-01    
1.39100e-01     -6.83470e-01    
1.40400e-01     -6.84715e-01    
1.41700e-01     -6.83188e-01    
1.43000e-01     -6.79128e-01    
1.44300e-01     -6.73346e-01    
1.45600e-01     -6.66788e-01    
1.46900e-01     -6.60642e-01    
1.48200e-01     -6.55871e-01    
1.49500e-01     -6.54157e-01    
1.50800e-01     -6.56030e-01    
1.52100e-01     -6.60395e-01    
1.53400e-01     -6.66249e-01    
1.54700e-01     -6.72433e-01    
1.56000e-01     -6.77578e-01    
1.57300e-01     -6.80448e-01    
1.58600e-01     -6.80972e-01    
1.59900e-01     -6.79236e-01    
1.61200e-01     -6.75432e-01    
1.62500e-01     -6.70151e-01    
1.63800e-01     -6.64526e-01    
1.65100e-01     -6.59453e-01    
1.66400e-01     -6.56024e-01    
1.67700e-01     -6.55639e-01    
1.69000e-01     -6.58110e-01    
1.70300e-01     -6.62449e-01    
1.71600e-01     -6.67636e-01    
1.72900e-01     -6.72898e-01    
1.74200e-01     -6.76815e-01    
1.75500e-01     -6.78827e-01    
1.76800e-01     -6.78744e-01    
1.78100e-01     -6.76653e-01    
1.79400e-01     -6.72747e-01    
1.80700e-01     -6.67835e-01    
1.82000e-01     -6.62955e-01    
1.83300e-01     -6.58768e-01    
1.84600e-01     -6.56465e-01    
1.85900e-01     -6.57092e-01    
1.87200e-01     -6.60095e-01    
1.88500e-01     -6.64340e-01    
1.89800e-01     -6.69165e-01    
1.91100e-01     -6.73628e-01    
1.92400e-01     -6.76617e-01    
1.93700e-01     -6.77751e-01    
1.95000e-01     -6.77069e-01    
1.96300e-01     -6.74485e-01    
1.97600e-01     -6.70511e-01    
1.98900e-01     -6.65926e-01    
2.00200e-01     -6.61475e-01    
2.01500e-01     -6.58146e-01    
2.02800e-01     -6.57203e-01    
2.04100e-01     -6.58698e-01    
2.05400e-01     -6.61867e-01    
2.06700e-01     -6.65983e-01    
2.08000e-01     -6.70432e-01    
2.09300e-01     -6.74066e-01    
2.10600e-01     -6.76123e-01    
2.11900e-01     -6.76616e-01    
2.13200e-01     -6.75329e-01    
2.14500e-01     -6.72353e-01    
2.15800e-01     -6.68340e-01    
2.17100e-01     -6.64045e-01    
2.18400e-01     -6.60232e-01    
2.19700e-01     -6.57802e-01    
2.21000e-01     -6.57755e-01    
2.22300e-01     -6.59918e-01    
2.23600e-01     -6.63283e-01    
2.24900e-01     -6.67373e-01    
2.26200e-01     -6.71383e-01    
2.27500e-01     -6.74271e-01    
2.28800e-01     -6.75643e-01    
2.30100e-01     -6.75460e-01    
2.31400e-01     -6.73543e-01    
2.32700e-01     -6.70267e-01    
2.34000e-01     -6.66260e-01    
2.35300e-01     -6.62293e-01    
2.36600e-01     -6.59031e-01    
2.37900e-01     -6.57679e-01    
2.39200e-01     -6.58603e-01    
2.40500e-01     -6.61169e-01    
2.41800e-01     -6.64737e-01    
2.43100e-01     -6.68762e-01    
2.44400e-01     -6.72196e-01    
2.45700e-01     -6.74283e-01    
2.47000e-01     -6.75029e-01    
2.48300e-01     -6.74198e-01    
2.49600e-01     -6.71808e-01    
2.50900e-01     -6.68292e-01    
2.52200e-01     -6.64391e-01    
2.53500e-01     -6.60782e-01    
2.54800e-01     -6.58334e-01    
2.56100e-01     -6.57921e-01    
2.57400e-01     -6.59611e-01    
2.58700e-01     -6.62521e-01    
2.60000e-01     -6.66193e-01    
2.61300e-01     -6.69854e-01    
2.62600e-01     -6.72658e-01    
2.63900e-01     -6.74204e-01    
2.65200e-01     -6.74270e-01    
2.66500e-01     -6.72757e-01    
2.67800e-01     -6.69896e-01    
2.69100e-01     -6.66280e-01    
2.70400e-01     -6.62608e-01    
2.71700e-01     -6.59444e-01    
2.73000e-01     -6.57921e-01    
2.74300e-01     -6.58542e-01    
2.75600e-01     -6.60776e-01    
2.76900e-01     -6.64000e-01    
2.78200e-01     -6.67732e-01    
2.79500e-01     -6.71033e-01    
2.80800e-01     -6.73114e-01    
2.82100e-01     -6.73986e-01    
2.83400e-01     -6.73396e-01    
2.84700e-01     -6.71350e-01    
2.86000e-01     -6.68150e-01    
2.87300e-01     -6.64516e-01    
2.88600e-01     -6.61053e-01    
2.89900e-01     -6.58639e-01    
2.91200e-01     -6.58097e-01    
2.92500e-01     -6.59525e-01    
2.93800e-01     -6.62184e-01    
2.95100e-01     -6.65567e-01    
2.96400e-01     -6.69026e-01    
2.97700e-01     -6.71746e-01    
2.99000e-01     -6.73345e-01    
3.00300e-01     -6.73539e-01    
3.01600e-01     -6.72250e-01    
3.02900e-01     -6.69627e-01    
3.04200e-01     -6.66263e-01    
3.05500e-01     -6.62772e-01    
3.06800e-01     -6.59712e-01    
3.08100e-01     -6.58101e-01    
3.09400e-01     -6.58590e-01    
3.10700e-01     -6.60627e-01    
3.12000e-01     -6.63653e-01    
3.13300e-01     -6.67161e-01    
3.14600e-01     -6.70324e-01    
3.15900e-01     -6.72401e-01    
3.17200e-01     -6.73339e-01    
3.18500e-01     -6.72848e-01    
3.19800e-01     -6.70969e-01    
3.21100e-01     -6.67961e-01    
3.22400e-01     -6.64503e-01    
3.23700e-01     -6.61180e-01    
3.25000e-01     -6.58812e-01    
3.26300e-01     -6.58242e-01    
3.27600e-01     -6.59523e-01    
3.28900e-01     -6.62038e-01    
3.30200e-01     -6.65240e-01    
3.31500e-01     -6.68576e-01    
3.32800e-01     -6.71213e-01    
3.34100e-01     -6.72787e-01    
3.35400e-01     -6.73053e-01    
3.36700e-01     -6.71880e-01    
3.38000e-01     -6.69390e-01    
3.39300e-01     -6.66166e-01    
3.40600e-01     -6.62784e-01    
3.41900e-01     -6.59835e-01    
3.43200e-01     -6.58201e-01    
3.44500e-01     -6.58621e-01    
3.45800e-01     -6.60568e-01    
3.47100e-01     -6.63452e-01    
3.48400e-01     -6.66822e-01    
3.49700e-01     -6.69888e-01    
3.51000e-01     -6.71948e-01    
3.52300e-01     -6.72886e-01    
3.53600e-01     -6.72437e-01    
3.54900e-01     -6.70625e-01    
3.56200e-01     -6.67749e-01    
3.57500e-01     -6.64397e-01    
3.58800e-01     -6.61170e-01    
3.60100e-01     -6.58835e-01    
3.61400e-01     -6.58300e-01    
3.62700e-01     -6.59521e-01    
3.64000e-01     -6.61960e-01    
3.65300e-01     -6.65064e-01    
3.66600e-01     -6.68325e-01    
3.67900e-01     -6.70868e-01    
3.69200e-01     -6.72396e-01    
3.70500e-01     -6.72682e-01    
3.71800e-01     -6.71567e-01    
3.73100e-01     -6.69142e-01    
3.74400e-01     -6.65986e-01    
3.75700e-01     -6.62674e-01    
3.77000e-01     -6.59824e-01    
3.78300e-01     -6.58221e-01    
3.79600e-01     -6.58621e-01    
3.80900e-01     -6.60537e-01    
3.82200e-01     -6.63350e-01    
3.83500e-01     -6.66637e-01    
3.84800e-01     -6.69620e-01    
3.86100e-01     -6.71655e-01    
3.87400e-01     -6.72559e-01    
3.88700e-01     -6.72118e-01    
3.90000e-01     -6.70327e-01    
3.91300e-01     -6.67517e-01    
3.92600e-01     -6.64235e-01    
3.93900e-01     -6.61065e-01    
3.95200e-01     -6.58785e-01    
3.96500e-01     -6.58312e-01    
3.97800e-01     -6.59529e-01    
3.99100e-01     -6.61923e-01    
4.00400e-01     -6.64994e-01    
4.01700e-01     -6.68199e-01    
4.03000e-01     -6.70668e-01    
4.04300e-01     -6.72124e-01    
4.05600e-01     -6.72403e-01    
4.06900e-01     -6.71306e-01    
4.08200e-01     -6.68907e-01    
4.09500e-01     -6.65810e-01    
4.10800e-01     -6.62531e-01    
4.12100e-01     -6.59771e-01    
4.13400e-01     -6.58229e-01    
4.14700e-01     -6.58653e-01    
4.16000e-01     -6.60558e-01    
4.17300e-01     -6.63336e-01    
4.18600e-01     -6.66560e-01    
4.19900e-01     -6.69469e-01    
4.21200e-01     -6.71475e-01    
4.22500e-01     -6.72328e-01    
4.23800e-01     -6.71869e-01    
4.25100e-01     -6.70068e-01    
4.26400e-01     -6.67291e-01    
4.27700e-01     -6.64060e-01    
4.29000e-01     -6.60942e-01    
4.30300e-01     -6.58726e-01    
4.31600e-01     -6.58318e-01    
4.32900e-01     -6.59559e-01    
4.34200e-01     -6.61944e-01    
4.35500e-01     -6.65005e-01    
4.36800e-01     -6.68163e-01    
4.38100e-01     -6.70566e-01    
4.39400e-01     -6.71963e-01    
4.40700e-01     -6.72207e-01    
4.42000e-01     -6.71093e-01    
4.43300e-01     -6.68708e-01    
4.44600e-01     -6.65638e-01    
4.45900e-01     -6.62397e-01    
4.47200e-01     -6.59704e-01    
4.48500e-01     -6.58243e-01    
4.49800e-01     -6.58717e-01    
4.51100e-01     -6.60625e-01    
4.52400e-01     -6.63389e-01    
4.53700e-01     -6.66566e-01    
4.55000e-01     -6.69396e-01    
4.56300e-01     -6.71361e-01    
4.57600e-01     -6.72167e-01    
4.58900e-01     -6.71671e-01    
4.60200e-01     -6.69849e-01    
4.61500e-01     -6.67082e-01    
4.62800e-01     -6.63891e-01    
4.64100e-01     -6.60829e-01    
4.65400e-01     -6.58681e-01    
4.66700e-01     -6.58331e-01    
4.68000e-01     -6.59612e-01    
4.69300e-01     -6.62000e-01    
4.70600e-01     -6.65060e-01    
4.71900e-01     -6.68186e-01    
4.73200e-01     -6.70528e-01    
4.74500e-01     -6.71863e-01    
4.75800e-01     -6.72053e-01    
4.77100e-01     -6.70907e-01    
4.78400e-01     -6.68516e-01    
4.79700e-01     -6.65452e-01    
4.81000e-01     -6.62250e-01    
4.82300e-01     -6.59610e-01    
4.83600e-01     -6.58249e-01    
4.84900e-01     -6.58799e-01    
4.86200e-01     -6.60728e-01    
4.87500e-01     -6.63488e-01    
4.88800e-01     -6.66638e-01    
4.90100e-01     -6.69400e-01    
4.91400e-01     -6.71307e-01    
4.92700e-01     -6.72059e-01    
4.94000e-01     -6.71517e-01    
4.95300e-01     -6.69658e-01    
4.96600e-01     -6.66886e-01    
4.97900e-01     -6.63718e-01    
4.99200e-01     -6.60706e-01    
5.00500e-01     -6.58632e-01    
5.01800e-01     -6.58353e-01    
5.03100e-01     -6.59683e-01    
5.04400e-01     -6.62087e-01    
5.05700e-01     -6.65152e-01    
5.07000e-01     -6.68231e-01    
5.08300e-01     -6.70523e-01    
5.09600e-01     -6.71815e-01    
5.10900e-01     -6.71929e-01    
5.12200e-01     -6.70729e-01    
5.13500e-01     -6.68326e-01    
5.14800e-01     -6.65260e-01    
5.16100e-01     -6.62083e-01    
5.17400e-01     -6.59493e-01    
5.18700e-01     -6.58247e-01    
5.20000e-01     -6.58879e-01    
5.21300e-01     -6.60837e-01    
5.22600e-01     -6.63600e-01    
5.23900e-01     -6.66736e-01    
5.25200e-01     -6.69438e-01    
5.26500e-01     -6.71282e-01    
5.27800e-01     -6.71974e-01    
5.29100e-01     -6.71379e-01    
5.30400e-01     -6.69465e-01    
5.31700e-01     -6.66675e-01    
5.33000e-01     -6.63529e-01    
5.34300e-01     -6.60559e-01    
5.35600e-01     -6.58553e-01    
5.36900e-01     -6.58351e-01    
5.38200e-01     -6.59747e-01    
5.39500e-01     -6.62182e-01    
5.40800e-01     -6.65250e-01    
5.42100e-01     -6.68291e-01    
5.43400e-01     -6.70537e-01    
5.44700e-01     -6.71780e-01    
5.46000e-01     -6.71815e-01    
5.47300e-01     -6.70547e-01    
5.48600e-01     -6.68117e-01    
5.49900e-01     -6.65042e-01    
5.51200e-01     -6.61880e-01    
5.52500e-01     -6.59346e-01    
5.53800e-01     -6.58236e-01    
5.55100e-01     -6.58948e-01    
5.56400e-01     -6.60949e-01    
5.57700e-01     -6.63730e-01    
5.59000e-01     -6.66855e-01    
5.60300e-01     -6.69505e-01    
5.61600e-01     -6.71285e-01    
5.62900e-01     -6.71927e-01    
5.64200e-01     -6.71269e-01    
5.65500e-01     -6.69283e-01    
5.66800e-01     -6.66462e-01    
5.68100e-01     -6.63322e-01    
5.69400e-01     -6.60396e-01    
5.70700e-01     -6.58460e-01    
5.72000e-01     -6.58348e-01    
5.73300e-01     -6.59822e-01    
5.74600e-01     -6.62302e-01    
5.75900e-01     -6.65379e-01    
5.77200e-01     -6.68387e-01    
5.78500e-01     -6.70586e-01    
5.79800e-01     -6.71763e-01    
5.81100e-01     -6.71718e-01    
5.82400e-01     -6.70364e-01    
5.83700e-01     -6.67901e-01    
5.85000e-01     -6.64815e-01    
5.86300e-01     -6.61674e-01    
5.87600e-01     -6.59196e-01    
5.88900e-01     -6.58237e-01    
5.90200e-01     -6.59034e-01    
5.91500e-01     -6.61089e-01    
5.92800e-01     -6.63901e-01    
5.94100e-01     -6.67020e-01    
5.95400e-01     -6.69619e-01    
5.96700e-01     -6.71316e-01    
5.98000e-01     -6.71906e-01    
5.99300e-01     -6.71177e-01    
6.00600e-01     -6.69121e-01    
6.01900e-01     -6.66263e-01    
6.03200e-01     -6.63117e-01    
6.04500e-01     -6.60242e-01    
6.05800e-01     -6.58385e-01    
6.07100e-01     -6.58369e-01    
6.08400e-01     -6.59930e-01    
6.09700e-01     -6.62449e-01    
6.11000e-01     -6.65539e-01    
6.12300e-01     -6.68511e-01    
6.13600e-01     -6.70664e-01    
6.14900e-01     -6.71774e-01    
6.16200e-01     -6.71654e-01    
6.17500e-01     -6.70209e-01    
6.18800e-01     -6.67703e-01    
6.20100e-01     -6.64604e-01    
6.21400e-01     -6.61478e-01    
6.22700e-01     -6.59063e-01    
6.24000e-01     -6.58243e-01    
6.25300e-01     -6.59124e-01    
6.26600e-01     -6.61238e-01    
6.27900e-01     -6.64087e-01    
6.29200e-01     -6.67198e-01    
6.30500e-01     -6.69747e-01    
6.31800e-01     -6.71359e-01    
6.33100e-01     -6.71884e-01    
6.34400e-01     -6.71087e-01    
6.35700e-01     -6.68969e-01    
6.37000e-01     -6.66074e-01    
6.38300e-01     -6.62918e-01    
6.39600e-01     -6.60101e-01    
6.40900e-01     -6.58327e-01    
6.42200e-01     -6.58411e-01    
6.43500e-01     -6.60050e-01    
6.44800e-01     -6.62611e-01    
6.46100e-01     -6.65714e-01    
6.47400e-01     -6.68638e-01    
6.48700e-01     -6.70747e-01    
6.50000e-01     -6.71788e-01    
6.51300e-01     -6.71587e-01    
6.52600e-01     -6.70059e-01    
6.53900e-01     -6.67508e-01    
6.55200e-01     -6.64397e-01    
6.56500e-01     -6.61287e-01    
6.57800e-01     -6.58945e-01    
6.59100e-01     -6.58252e-01    
6.60400e-01     -6.59219e-01    
6.61700e-01     -6.61389e-01    
6.63000e-01     -6.64277e-01    
6.64300e-01     -6.67380e-01    
6.65600e-01     -6.69872e-01    
6.66900e-01     -6.71405e-01    
6.68200e-01     -6.71857e-01    
6.69500e-01     -6.70994e-01    
6.70800e-01     -6.68821e-01    
6.72100e-01     -6.65900e-01    
6.73400e-01     -6.62740e-01    
6.74700e-01     -6.59972e-01    
6.76000e-01     -6.58293e-01    
6.77300e-01     -6.58476e-01    
6.78600e-01     -6.60188e-01    
6.79900e-01     -6.62792e-01    
6.81200e-01     -6.65897e-01    
6.82500e-01     -6.68766e-01    
6.83800e-01     -6.70834e-01    
6.85100e-01     -6.71804e-01    
6.86400e-01     -6.71519e-01    
6.87700e-01     -6.69910e-01    
6.89000e-01     -6.67314e-01    
6.90300e-01     -6.64199e-01    
6.91600e-01     -6.61122e-01    
6.92900e-01     -6.58848e-01    
6.94200e-01     -6.58272e-01    
6.95500e-01     -6.59330e-01    
6.96800e-01     -6.61552e-01    
6.98100e-01     -6.64479e-01    
6.99400e-01     -6.67575e-01    
7.00700e-01     -6.70007e-01    
7.02000e-01     -6.71471e-01    
7.03300e-01     -6.71841e-01    
7.04600e-01     -6.70902e-01    
7.05900e-01     -6.68675e-01    
7.07200e-01     -6.65729e-01    
7.08500e-01     -6.62565e-01    
7.09800e-01     -6.59851e-01    
7.11100e-01     -6.58286e-01    
7.12400e-01     -6.58582e-01    
7.13700e-01     -6.60352e-01    
7.15000e-01     -6.62992e-01    
7.16300e-01     -6.66096e-01    
7.17600e-01     -6.68910e-01    
7.18900e-01     -6.70920e-01    
7.20200e-01     -6.71818e-01    
7.21500e-01     -6.71451e-01    
7.22800e-01     -6.69770e-01    
7.24100e-01     -6.67128e-01    
7.25400e-01     -6.64014e-01    
7.26700e-01     -6.60975e-01    
7.28000e-01     -6.58776e-01    
7.29300e-01     -6.58298e-01    
7.30600e-01     -6.59444e-01    
7.31900e-01     -6.61717e-01    
7.33200e-01     -6.64683e-01    
7.34500e-01     -6.67773e-01    
7.35800e-01     -6.70143e-01    
7.37100e-01     -6.71536e-01    
7.38400e-01     -6.71825e-01    
7.39700e-01     -6.70801e-01    
7.41000e-01     -6.68527e-01    
7.42300e-01     -6.65550e-01    
7.43600e-01     -6.62388e-01    
7.44900e-01     -6.59731e-01    
7.46200e-01     -6.58278e-01    
7.47500e-01     -6.58693e-01    
7.48800e-01     -6.60523e-01    
7.50100e-01     -6.63199e-01    
7.51400e-01     -6.66300e-01    
7.52700e-01     -6.69063e-01    
7.54000e-01     -6.71005e-01    
7.55300e-01     -6.71830e-01    
7.56600e-01     -6.71385e-01    
7.57900e-01     -6.69630e-01    
7.59200e-01     -6.66947e-01    
7.60500e-01     -6.63828e-01    
7.61800e-01     -6.60831e-01    
7.63100e-01     -6.58705e-01    
7.64400e-01     -6.58323e-01    
7.65700e-01     -6.59552e-01    
7.67000e-01     -6.61872e-01    
7.68300e-01     -6.64870e-01    
7.69600e-01     -6.67935e-01    
7.70900e-01     -6.70255e-01    
7.72200e-01     -6.71589e-01    
7.73500e-01     -6.71785e-01    
7.74800e-01     -6.70679e-01    
7.76100e-01     -6.68361e-01    
7.77400e-01     -6.65355e-01    
7.78700e-01     -6.62202e-01    
7.80000e-01     -6.59595e-01    
7.81300e-01     -6.58259e-01    
7.82600e-01     -6.58789e-01    
7.83900e-01     -6.60669e-01    
7.85200e-01     -6.63374e-01    
7.86500e-01     -6.66479e-01    
7.87800e-01     -6.69188e-01    
7.89100e-01     -6.71067e-01    
7.90400e-01     -6.71819e-01    
7.91700e-01     -6.71300e-01    
7.93000e-01     -6.69469e-01    
7.94300e-01     -6.66745e-01    
7.95600e-01     -6.63627e-01    
7.96900e-01     -6.60666e-01    
7.98200e-01     -6.58615e-01    
7.99500e-01     -6.58329e-01    
8.00800e-01     -6.59641e-01    
8.02100e-01     -6.62011e-01    
8.03400e-01     -6.65031e-01    
8.04700e-01     -6.68068e-01    
8.06000e-01     -6.70338e-01    
8.07300e-01     -6.71620e-01    
8.08600e-01     -6.71727e-01    
8.09900e-01     -6.70535e-01    
8.11200e-01     -6.68171e-01    
8.12500e-01     -6.65140e-01    
8.13800e-01     -6.61994e-01    
8.15100e-01     -6.59438e-01    
8.16400e-01     -6.58240e-01    
8.17700e-01     -6.58872e-01    
8.19000e-01     -6.60810e-01    
8.20300e-01     -6.63546e-01    
8.21600e-01     -6.66651e-01    
8.22900e-01     -6.69313e-01    
8.24200e-01     -6.71128e-01    
8.25500e-01     -6.71816e-01    
8.26800e-01     -6.71222e-01    
8.28100e-01     -6.69306e-01    
8.29400e-01     -6.66536e-01    
8.30700e-01     -6.63421e-01    
8.32000e-01     -6.60491e-01    
8.33300e-01     -6.58511e-01    
8.34600e-01     -6.58324e-01    
8.35900e-01     -6.59730e-01    
8.37200e-01     -6.62158e-01    
8.38500e-01     -6.65200e-01    
8.39800e-01     -6.68211e-01    
8.41100e-01     -6.70433e-01    
8.42400e-01     -6.71649e-01    
8.43700e-01     -6.71663e-01    
8.45000e-01     -6.70378e-01    
8.46300e-01     -6.67967e-01    
8.47600e-01     -6.64912e-01    
8.48900e-01     -6.61778e-01    
8.50200e-01     -6.59273e-01    
8.51500e-01     -6.58234e-01    
8.52800e-01     -6.58965e-01    
8.54100e-01     -6.60967e-01    
8.55400e-01     -6.63741e-01    
8.56700e-01     -6.66846e-01    
8.58000e-01     -6.69458e-01    
8.59300e-01     -6.71196e-01    
8.60600e-01     -6.71828e-01    
8.61900e-01     -6.71154e-01    
8.63200e-01     -6.69155e-01    
8.64500e-01     -6.66338e-01    
8.65800e-01     -6.63210e-01    
8.67100e-01     -6.60323e-01    
8.68400e-01     -6.58423e-01    
8.69700e-01     -6.58341e-01    
8.71000e-01     -6.59844e-01    
8.72300e-01     -6.62324e-01    
8.73600e-01     -6.65389e-01    
8.74900e-01     -6.68367e-01    
8.76200e-01     -6.70544e-01    
8.77500e-01     -6.71690e-01    
8.78800e-01     -6.71622e-01    
8.80100e-01     -6.70234e-01    
8.81400e-01     -6.67771e-01    
8.82700e-01     -6.64697e-01    
8.84000e-01     -6.61575e-01    
8.85300e-01     -6.59129e-01    
8.86600e-01     -6.58240e-01    
8.87900e-01     -6.59067e-01    
8.89200e-01     -6.61134e-01    
8.90500e-01     -6.63951e-01    
8.91800e-01     -6.67055e-01    
8.93100e-01     -6.69624e-01    
8.94400e-01     -6.71275e-01    
8.95700e-01     -6.71844e-01    
8.97000e-01     -6.71091e-01    
8.98300e-01     -6.69016e-01    
8.99600e-01     -6.66153e-01    
9.00900e-01     -6.63011e-01    
9.02200e-01     -6.60175e-01    
9.03500e-01     -6.58360e-01    
9.04800e-01     -6.58385e-01    
9.06100e-01     -6.59976e-01    
9.07400e-01     -6.62504e-01    
9.08700e-01     -6.65589e-01    
9.10000e-01     -6.68529e-01    
9.11300e-01     -6.70658e-01    
9.12600e-01     -6.71733e-01    
9.13900e-01     -6.71580e-01    
9.15200e-01     -6.70100e-01    
9.16500e-01     -6.67584e-01    
9.17800e-01     -6.64489e-01    
9.19100e-01     -6.61377e-01    
9.20400e-01     -6.59004e-01    
9.21700e-01     -6.58248e-01    
9.23000e-01     -6.59166e-01    
9.24300e-01     -6.61298e-01    
9.25600e-01     -6.64160e-01    
9.26900e-01     -6.67259e-01    
9.28200e-01     -6.69773e-01    
9.29500e-01     -6.71339e-01    
9.30800e-01     -6.71831e-01    
9.32100e-01     -6.71010e-01    
9.33400e-01     -6.68872e-01    
9.34700e-01     -6.65974e-01    
9.36000e-01     -6.62822e-01    
9.37300e-01     -6.60036e-01    
9.38600e-01     -6.58311e-01    
9.39900e-01     -6.58439e-01    
9.41200e-01     -6.60111e-01    
9.42500e-01     -6.62688e-01    
9.43800e-01     -6.65782e-01    
9.45100e-01     -6.68671e-01    
9.46400e-01     -6.70759e-01    
9.47700e-01     -6.71763e-01    
9.49000e-01     -6.71519e-01    
9.50300e-01     -6.69953e-01    
9.51600e-01     -6.67388e-01    
9.52900e-01     -6.64282e-01    
9.54200e-01     -6.61195e-01    
9.55500e-01     -6.58892e-01    
9.56800e-01     -6.58264e-01    
9.58100e-01     -6.59274e-01    
9.59400e-01     -6.61465e-01    
9.60700e-01     -6.64369e-01    
9.62000e-01     -6.67463e-01    
9.63300e-01     -6.69918e-01    
9.64600e-01     -6.71411e-01    
9.65900e-01     -6.71821e-01    
9.67200e-01     -6.70924e-01    
9.68500e-01     -6.68727e-01    
9.69800e-01     -6.65799e-01    
9.71100e-01     -6.62643e-01    
9.72400e-01     -6.59907e-01    
9.73700e-01     -6.58293e-01    
9.75000e-01     -6.58531e-01    
9.76300e-01     -6.60270e-01    
9.77600e-01     -6.62888e-01    
9.78900e-01     -6.65990e-01    
9.80200e-01     -6.68823e-01    
9.81500e-01     -6.70857e-01    
9.82800e-01     -6.71789e-01    
9.84100e-01     -6.71462e-01    
9.85400e-01     -6.69818e-01    
9.86700e-01     -6.67201e-01    
9.88000e-01     -6.64092e-01    
9.89300e-01     -6.61039e-01    
9.90600e-01     -6.58809e-01    
9.91900e-01     -6.58287e-01    
9.93200e-01     -6.59390e-01    
9.94500e-01     -6.61636e-01    
9.95800e-01     -6.64582e-01    
9.97100e-01     -6.67671e-01    
9.98400e-01     -6.70066e-01    
9.99700e-01     -6.71488e-01    
1.00100e+00     -6.71817e-01    
1.00230e+00     -6.70834e-01    
1.00360e+00     -6.68585e-01    
1.00490e+00     -6.65626e-01    
1.00620e+00     -6.62466e-01    
1.00750e+00     -6.59787e-01    
1.00880e+00     -6.58284e-01    
1.01010e+00     -6.58645e-01    
1.01140e+00     -6.60445e-01    
1.01270e+00     -6.63101e-01    
1.01400e+00     -6.66199e-01    
1.01530e+00     -6.68980e-01    
1.01660e+00     -6.70951e-01    
1.01790e+00     -6.71809e-01    
1.01920e+00     -6.71400e-01    
1.02050e+00     -6.69680e-01    
1.02180e+00     -6.67018e-01    
1.02310e+00     -6.63905e-01    
1.02440e+00     -6.60893e-01    
1.02570e+00     -6.58737e-01    
1.02700e+00     -6.58311e-01    
1.02830e+00     -6.59501e-01    
1.02960e+00     -6.61797e-01    
1.03090e+00     -6.64779e-01    
1.03220e+00     -6.67856e-01    
1.03350e+00     -6.70194e-01    
1.03480e+00     -6.71551e-01    
1.03610e+00     -6.71789e-01    
1.03740e+00     -6.70720e-01    
1.03870e+00     -6.68427e-01    
1.04000e+00     -6.65435e-01    
1.04130e+00     -6.62280e-01    
1.04260e+00     -6.59651e-01    
1.04390e+00     -6.58265e-01    
1.04520e+00     -6.58746e-01    
1.04650e+00     -6.60602e-01    
1.04780e+00     -6.63293e-01    
1.04910e+00     -6.66393e-01    
1.05040e+00     -6.69124e-01    
1.05170e+00     -6.71028e-01    
1.05300e+00     -6.71812e-01    
1.05430e+00     -6.71325e-01    
1.05560e+00     -6.69530e-01    
1.05690e+00     -6.66828e-01    
1.05820e+00     -6.63710e-01    
1.05950e+00     -6.60737e-01    
1.06080e+00     -6.58655e-01    
1.06210e+00     -6.58327e-01    
1.06340e+00     -6.59600e-01    
1.06470e+00     -6.61947e-01    
1.06600e+00     -6.64957e-01    
1.06730e+00     -6.68001e-01    
1.06860e+00     -6.70292e-01    
1.06990e+00     -6.71598e-01    
1.07120e+00     -6.71741e-01    
1.07250e+00     -6.70589e-01    
1.07380e+00     -6.68248e-01    
1.07510e+00     -6.65230e-01    
1.07640e+00     -6.62084e-01    
1.07770e+00     -6.59506e-01    
1.07900e+00     -6.58246e-01    
1.08030e+00     -6.58837e-01    
1.08160e+00     -6.60747e-01    
1.08290e+00     -6.63468e-01    
1.08420e+00     -6.66571e-01    
1.08550e+00     -6.69252e-01    
1.08680e+00     -6.71093e-01    
1.08810e+00     -6.71808e-01    
1.08940e+00     -6.71246e-01    
1.09070e+00     -6.69369e-01    
1.09200e+00     -6.66620e-01    
1.09330e+00     -6.63508e-01    
1.09460e+00     -6.60564e-01    
1.09590e+00     -6.58555e-01    
1.09720e+00     -6.58324e-01    
1.09850e+00     -6.59690e-01    
1.09980e+00     -6.62090e-01    
1.10110e+00     -6.65121e-01    
1.10240e+00     -6.68143e-01    
1.10370e+00     -6.70385e-01    
1.10500e+00     -6.71630e-01    
1.10630e+00     -6.71684e-01    
1.10760e+00     -6.70440e-01    
1.10890e+00     -6.68051e-01    
1.11020e+00     -6.65006e-01    
1.11150e+00     -6.61867e-01    
1.11280e+00     -6.59341e-01    
1.11410e+00     -6.58235e-01    
1.11540e+00     -6.58922e-01    
1.11670e+00     -6.60896e-01    
1.11800e+00     -6.63651e-01    
1.11930e+00     -6.66755e-01    
1.12060e+00     -6.69389e-01    
1.12190e+00     -6.71159e-01    
1.12320e+00     -6.71817e-01    
1.12450e+00     -6.71178e-01    
1.12580e+00     -6.69213e-01    
1.12710e+00     -6.66416e-01    
1.12840e+00     -6.63297e-01    
1.12970e+00     -6.60391e-01    
1.13100e+00     -6.58457e-01    
1.13230e+00     -6.58332e-01    
1.13360e+00     -6.59792e-01    
1.13490e+00     -6.62251e-01    
1.13620e+00     -6.65305e-01    
1.13750e+00     -6.68297e-01    
1.13880e+00     -6.70492e-01    
1.14010e+00     -6.71668e-01    
1.14140e+00     -6.71633e-01    
1.14270e+00     -6.70287e-01    
1.14400e+00     -6.67849e-01    
1.14530e+00     -6.64784e-01    
1.14660e+00     -6.61659e-01    
1.14790e+00     -6.59187e-01    
1.14920e+00     -6.58239e-01    
1.15050e+00     -6.59025e-01    
1.15180e+00     -6.61064e-01    
1.15310e+00     -6.63862e-01    
1.15440e+00     -6.66967e-01    
1.15570e+00     -6.69554e-01    
1.15700e+00     -6.71240e-01    
1.15830e+00     -6.71836e-01    
1.15960e+00     -6.71118e-01    
1.16090e+00     -6.69072e-01    
1.16220e+00     -6.66230e-01    
1.16350e+00     -6.63093e-01    
1.16480e+00     -6.60236e-01    
1.16610e+00     -6.58385e-01    
1.16740e+00     -6.58366e-01    
1.16870e+00     -6.59920e-01    
1.17000e+00     -6.62429e-01    
1.17130e+00     -6.65506e-01    
1.17260e+00     -6.68463e-01    
1.17390e+00     -6.70611e-01    
1.17520e+00     -6.71716e-01    
1.17650e+00     -6.71599e-01    
1.17780e+00     -6.70155e-01    
1.17910e+00     -6.67661e-01    
1.18040e+00     -6.64575e-01    
1.18170e+00     -6.61458e-01    
1.18300e+00     -6.59053e-01    
1.18430e+00     -6.58245e-01    
1.18560e+00     -6.59125e-01    
1.18690e+00     -6.61232e-01    
1.18820e+00     -6.64073e-01    
1.18950e+00     -6.67176e-01    
1.19080e+00     -6.69712e-01    
1.19210e+00     -6.71312e-01    
1.19340e+00     -6.71835e-01    
1.19470e+00     -6.71042e-01    
1.19600e+00     -6.68930e-01    
1.19730e+00     -6.66044e-01    
1.19860e+00     -6.62896e-01    
1.19990e+00     -6.60091e-01    
1.20120e+00     -6.58327e-01    
1.20250e+00     -6.58414e-01    
1.20380e+00     -6.60053e-01    
1.20510e+00     -6.62609e-01    
1.20640e+00     -6.65701e-01    
1.20770e+00     -6.68612e-01    
1.20900e+00     -6.70716e-01    
1.21030e+00     -6.71751e-01    
1.21160e+00     -6.71544e-01    
1.21290e+00     -6.70014e-01    
1.21420e+00     -6.67468e-01    
1.21550e+00     -6.64365e-01    
1.21680e+00     -6.61266e-01    
1.21810e+00     -6.58934e-01    
1.21940e+00     -6.58255e-01    
1.22070e+00     -6.59227e-01    
1.22200e+00     -6.61396e-01    
1.22330e+00     -6.64282e-01    
1.22460e+00     -6.67377e-01    
1.22590e+00     -6.69857e-01    
1.22720e+00     -6.71379e-01    
1.22850e+00     -6.71824e-01    
1.22980e+00     -6.70959e-01    
1.23110e+00     -6.68786e-01    
1.23240e+00     -6.65871e-01    
1.23370e+00     -6.62716e-01    
1.23500e+00     -6.59960e-01    
1.23630e+00     -6.58296e-01    
1.23760e+00     -6.58489e-01    
1.23890e+00     -6.60202e-01    
1.24020e+00     -6.62803e-01    
1.24150e+00     -6.65903e-01    
1.24280e+00     -6.68758e-01    
1.24410e+00     -6.70817e-01    
1.24540e+00     -6.71778e-01    
1.24670e+00     -6.71486e-01    
1.24800e+00     -6.69873e-01    
1.24930e+00     -6.67278e-01    
1.25060e+00     -6.64169e-01    
1.25190e+00     -6.61102e-01    
1.25320e+00     -6.58841e-01    
1.25450e+00     -6.58276e-01    
1.25580e+00     -6.59342e-01    
1.25710e+00     -6.61566e-01    
1.25840e+00     -6.64495e-01    
1.25970e+00     -6.67586e-01    
1.26100e+00     -6.70005e-01    
1.26230e+00     -6.71457e-01    
1.26360e+00     -6.71820e-01    
1.26490e+00     -6.70872e-01    
1.26620e+00     -6.68643e-01    
1.26750e+00     -6.65699e-01    
1.26880e+00     -6.62539e-01    
1.27010e+00     -6.59836e-01    
1.27140e+00     -6.58288e-01    
1.27270e+00     -6.58599e-01    
1.27400e+00     -6.60373e-01    
1.27530e+00     -6.63013e-01    
1.27660e+00     -6.66112e-01    
1.27790e+00     -6.68914e-01    
1.27920e+00     -6.70912e-01    
1.28050e+00     -6.71801e-01    
1.28180e+00     -6.71425e-01    
1.28310e+00     -6.69736e-01    
1.28440e+00     -6.67094e-01    
1.28570e+00     -6.63983e-01    
1.28700e+00     -6.60953e-01    
1.28830e+00     -6.58766e-01    
1.28960e+00     -6.58301e-01    
1.29090e+00     -6.59457e-01    
1.29220e+00     -6.61733e-01    
1.29350e+00     -6.64701e-01    
1.29480e+00     -6.67785e-01    
1.29610e+00     -6.70145e-01    
1.29740e+00     -6.71527e-01    
1.29870e+00     -6.71803e-01    
1.30000e+00     -6.70770e-01    
1.30130e+00     -6.68494e-01    
1.30260e+00     -6.65515e-01    
1.30390e+00     -6.62357e-01    
1.30520e+00     -6.59710e-01    
1.30650e+00     -6.58274e-01    
1.30780e+00     -6.58708e-01    
1.30910e+00     -6.60543e-01    
1.31040e+00     -6.63221e-01    
1.31170e+00     -6.66318e-01    
1.31300e+00     -6.69070e-01    
1.31430e+00     -6.71002e-01    
1.31560e+00     -6.71816e-01    
1.31690e+00     -6.71360e-01    
1.31820e+00     -6.69597e-01    
1.31950e+00     -6.66911e-01    
1.32080e+00     -6.63795e-01    
1.32210e+00     -6.60806e-01    
1.32340e+00     -6.58693e-01    
1.32470e+00     -6.58326e-01    
1.32600e+00     -6.59564e-01    
1.32730e+00     -6.61890e-01    
1.32860e+00     -6.64889e-01    
1.32990e+00     -6.67946e-01    
1.33120e+00     -6.70258e-01    
1.33250e+00     -6.71584e-01    
1.33380e+00     -6.71766e-01    
1.33510e+00     -6.70648e-01    
1.33640e+00     -6.68327e-01    
1.33770e+00     -6.65317e-01    
1.33900e+00     -6.62169e-01    
1.34030e+00     -6.59571e-01    
1.34160e+00     -6.58256e-01    
1.34290e+00     -6.58802e-01    
1.34420e+00     -6.60689e-01    
1.34550e+00     -6.63396e-01    
1.34680e+00     -6.66500e-01    
1.34810e+00     -6.69199e-01    
1.34940e+00     -6.71067e-01    
1.35070e+00     -6.71807e-01    
1.35200e+00     -6.71277e-01    
1.35330e+00     -6.69435e-01    
1.35460e+00     -6.66706e-01    
1.35590e+00     -6.63592e-01    
1.35720e+00     -6.60637e-01    
1.35850e+00     -6.58599e-01    
1.35980e+00     -6.58327e-01    
1.36110e+00     -6.59654e-01    
1.36240e+00     -6.62030e-01    
1.36370e+00     -6.65052e-01    
1.36500e+00     -6.68084e-01    
1.36630e+00     -6.70346e-01    
1.36760e+00     -6.71618e-01    
1.36890e+00     -6.71709e-01    
1.37020e+00     -6.70504e-01    
1.37150e+00     -6.68133e-01    
1.37280e+00     -6.65099e-01    
1.37410e+00     -6.61957e-01    
1.37540e+00     -6.59409e-01    
1.37670e+00     -6.58238e-01    
1.37800e+00     -6.58885e-01    
1.37930e+00     -6.60832e-01    
1.38060e+00     -6.63572e-01    
1.38190e+00     -6.66676e-01    
1.38320e+00     -6.69330e-01    
1.38450e+00     -6.71132e-01    
1.38580e+00     -6.71812e-01    
1.38710e+00     -6.71205e-01    
1.38840e+00     -6.69275e-01    
1.38970e+00     -6.66499e-01    
1.39100e+00     -6.63383e-01    
1.39230e+00     -6.60461e-01    
1.39360e+00     -6.58495e-01    
1.39490e+00     -6.58324e-01    
1.39620e+00     -6.59746e-01    
1.39750e+00     -6.62182e-01    
1.39880e+00     -6.65228e-01    
1.40010e+00     -6.68232e-01    
1.40140e+00     -6.70446e-01    
1.40270e+00     -6.71650e-01    
1.40400e+00     -6.71650e-01    
1.40530e+00     -6.70347e-01    
1.40660e+00     -6.67929e-01    
1.40790e+00     -6.64872e-01    
1.40920e+00     -6.61741e-01    
1.41050e+00     -6.59245e-01    
1.41180e+00     -6.58236e-01    
1.41310e+00     -6.58982e-01    
1.41440e+00     -6.60995e-01    
1.41570e+00     -6.63776e-01    
1.41700e+00     -6.66880e-01    
1.41830e+00     -6.69484e-01    
1.41960e+00     -6.71206e-01    
1.42090e+00     -6.71828e-01    
1.42220e+00     -6.71141e-01    
1.42350e+00     -6.69128e-01    
1.42480e+00     -6.66304e-01    
1.42610e+00     -6.63174e-01    
1.42740e+00     -6.60298e-01    
1.42870e+00     -6.58411e-01    
1.43000e+00     -6.58348e-01    
1.43130e+00     -6.59865e-01    
1.43260e+00     -6.62354e-01    
1.43390e+00     -6.65421e-01    
1.43520e+00     -6.68392e-01    
1.43650e+00     -6.70561e-01    
1.43780e+00     -6.71696e-01    
1.43910e+00     -6.71613e-01    
1.44040e+00     -6.70208e-01    
1.44170e+00     -6.67738e-01    
1.44300e+00     -6.64660e-01    
1.44430e+00     -6.61540e-01    
1.44560e+00     -6.59106e-01    
1.44690e+00     -6.58242e-01    
1.44820e+00     -6.59083e-01    
1.44950e+00     -6.61164e-01    
1.45080e+00     -6.63987e-01    
1.45210e+00     -6.67090e-01    
1.45340e+00     -6.69650e-01    
1.45470e+00     -6.71284e-01    
1.45600e+00     -6.71839e-01    
1.45730e+00     -6.71075e-01    
1.45860e+00     -6.68989e-01    
1.45990e+00     -6.66120e-01    
1.46120e+00     -6.62975e-01    
1.46250e+00     -6.60150e-01    
1.46380e+00     -6.58349e-01    
1.46510e+00     -6.58394e-01    
1.46640e+00     -6.59998e-01    
1.46770e+00     -6.62534e-01    
1.46900e+00     -6.65621e-01    
1.47030e+00     -6.68552e-01    
1.47160e+00     -6.70673e-01    
1.47290e+00     -6.71736e-01    
1.47420e+00     -6.71568e-01    
1.47550e+00     -6.70073e-01    
1.47680e+00     -6.67548e-01    
1.47810e+00     -6.64452e-01    
1.47940e+00     -6.61342e-01    
1.48070e+00     -6.58983e-01    
1.48200e+00     -6.58249e-01    
1.48330e+00     -6.59183e-01    
1.48460e+00     -6.61327e-01    
1.48590e+00     -6.64194e-01    
1.48720e+00     -6.67292e-01    
1.48850e+00     -6.69797e-01    
1.48980e+00     -6.71348e-01    
1.49110e+00     -6.71827e-01    
1.49240e+00     -6.70992e-01    
1.49370e+00     -6.68845e-01    
1.49500e+00     -6.65943e-01    
1.49630e+00     -6.62791e-01    
1.49760e+00     -6.60012e-01    
1.49890e+00     -6.58305e-01    
1.50020e+00     -6.58451e-01    
1.50150e+00     -6.60137e-01    
1.50280e+00     -6.62721e-01    
1.50410e+00     -6.65816e-01    
1.50540e+00     -6.68694e-01    
1.50670e+00     -6.70775e-01    
1.50800e+00     -6.71765e-01    
1.50930e+00     -6.71508e-01    
1.51060e+00     -6.69927e-01    
1.51190e+00     -6.67353e-01    
1.51320e+00     -6.64247e-01    
1.51450e+00     -6.61166e-01    
1.51580e+00     -6.58875e-01    
1.51710e+00     -6.58267e-01    
1.51840e+00     -6.59294e-01    
1.51970e+00     -6.61495e-01    
1.52100e+00     -6.64405e-01    
1.52230e+00     -6.67498e-01    
1.52360e+00     -6.69943e-01    
1.52490e+00     -6.71423e-01    
1.52620e+00     -6.71819e-01    
1.52750e+00     -6.70908e-01    
1.52880e+00     -6.68701e-01    
1.53010e+00     -6.65769e-01    
1.53140e+00     -6.62612e-01    
1.53270e+00     -6.59886e-01    
1.53400e+00     -6.58291e-01    
1.53530e+00     -6.58551e-01    
1.53660e+00     -6.60300e-01    
1.53790e+00     -6.62925e-01    
1.53920e+00     -6.66025e-01    
1.54050e+00     -6.68849e-01    
1.54180e+00     -6.70874e-01    
1.54310e+00     -6.71792e-01    
1.54440e+00     -6.71450e-01    
1.54570e+00     -6.69793e-01    
1.54700e+00     -6.67168e-01    
1.54830e+00     -6.64059e-01    
1.54960e+00     -6.61013e-01    
1.55090e+00     -6.58797e-01    
1.55220e+00     -6.58291e-01    
1.55350e+00     -6.59412e-01    
1.55480e+00     -6.61667e-01    
1.55610e+00     -6.64619e-01    
1.55740e+00     -6.67708e-01    
1.55870e+00     -6.70091e-01    
1.56000e+00     -6.71501e-01    
1.56130e+00     -6.71814e-01    
1.56260e+00     -6.70816e-01    
1.56390e+00     -6.68558e-01    
1.56520e+00     -6.65594e-01    
1.56650e+00     -6.62434e-01    
1.56780e+00     -6.59765e-01    
1.56910e+00     -6.58283e-01    
1.57040e+00     -6.58666e-01    
1.57170e+00     -6.60477e-01    
1.57300e+00     -6.63139e-01    
1.57430e+00     -6.66237e-01    
1.57560e+00     -6.69009e-01    
1.57690e+00     -6.70968e-01    
1.57820e+00     -6.71813e-01    
1.57950e+00     -6.71389e-01    
1.58080e+00     -6.69656e-01    
1.58210e+00     -6.66987e-01    
1.58340e+00     -6.63873e-01    
1.58470e+00     -6.60868e-01    
1.58600e+00     -6.58724e-01    
1.58730e+00     -6.58316e-01    
1.58860e+00     -6.59521e-01    
1.58990e+00     -6.61826e-01    
1.59120e+00     -6.64813e-01    
1.59250e+00     -6.67885e-01    
1.59380e+00     -6.70215e-01    
1.59510e+00     -6.71562e-01    
1.59640e+00     -6.71782e-01    
1.59770e+00     -6.70698e-01    
1.59900e+00     -6.68397e-01    
1.60030e+00     -6.65399e-01    
1.60160e+00     -6.62247e-01    
1.60290e+00     -6.59627e-01    
1.60420e+00     -6.58262e-01    
1.60550e+00     -6.58762e-01    
1.60680e+00     -6.60628e-01    
1.60810e+00     -6.63324e-01    
1.60940e+00     -6.66426e-01    
1.61070e+00     -6.69146e-01    
1.61200e+00     -6.71039e-01    
1.61330e+00     -6.71810e-01    
1.61460e+00     -6.71310e-01    
1.61590e+00     -6.69500e-01    
1.61720e+00     -6.66791e-01    
1.61850e+00     -6.63674e-01    
1.61980e+00     -6.60706e-01    
1.62110e+00     -6.58638e-01    
1.62240e+00     -6.58326e-01    
1.62370e+00     -6.59617e-01    
1.62500e+00     -6.61972e-01    
1.62630e+00     -6.64985e-01    
1.62760e+00     -6.68025e-01    
1.62890e+00     -6.70307e-01    
1.63020e+00     -6.71603e-01    
1.63150e+00     -6.71731e-01    
1.63280e+00     -6.70563e-01    
1.63410e+00     -6.68213e-01    
1.63540e+00     -6.65190e-01    
1.63670e+00     -6.62044e-01    
1.63800e+00     -6.59477e-01    
1.63930e+00     -6.58243e-01    
1.64060e+00     -6.58851e-01    
1.64190e+00     -6.60773e-01    
1.64320e+00     -6.63499e-01    
1.64450e+00     -6.66602e-01    
1.64580e+00     -6.69275e-01    
1.64710e+00     -6.71104e-01    
1.64840e+00     -6.71808e-01    
1.64970e+00     -6.71233e-01    
1.65100e+00     -6.69339e-01    
1.65230e+00     -6.66582e-01    
1.65360e+00     -6.63469e-01    
1.65490e+00     -6.60532e-01    
1.65620e+00     -6.58536e-01    
1.65750e+00     -6.58321e-01    
1.65880e+00     -6.59706e-01    
1.66010e+00     -6.62117e-01    
1.66140e+00     -6.65152e-01    
1.66270e+00     -6.68169e-01    
1.66400e+00     -6.70403e-01    
1.66530e+00     -6.71635e-01    
1.66660e+00     -6.71672e-01    
1.66790e+00     -6.70411e-01    
1.66920e+00     -6.68013e-01    
1.67050e+00     -6.64965e-01    
1.67180e+00     -6.61827e-01    
1.67310e+00     -6.59310e-01    
1.67440e+00     -6.58234e-01    
1.67570e+00     -6.58940e-01    
1.67700e+00     -6.60925e-01    
1.67830e+00     -6.63688e-01    
1.67960e+00     -6.66792e-01    
1.68090e+00     -6.69417e-01    
1.68220e+00     -6.71172e-01    
1.68350e+00     -6.71818e-01    
1.68480e+00     -6.71166e-01    
1.68610e+00     -6.69186e-01    
1.68740e+00     -6.66382e-01    
1.68870e+00     -6.63258e-01    
1.69000e+00     -6.60361e-01    
1.69130e+00     -6.58442e-01    
1.69260e+00     -6.58335e-01    
1.69390e+00     -6.59813e-01    
1.69520e+00     -6.62281e-01    
1.69650e+00     -6.65339e-01    
1.69780e+00     -6.68324e-01    
1.69910e+00     -6.70512e-01    
1.70040e+00     -6.71674e-01    
1.70170e+00     -6.71627e-01    
1.70300e+00     -6.70262e-01    
1.70430e+00     -6.67815e-01    
1.70560e+00     -6.64745e-01    
1.70690e+00     -6.61623e-01    
1.70820e+00     -6.59161e-01    
1.70950e+00     -6.58239e-01    
1.71080e+00     -6.59043e-01    
1.71210e+00     -6.61094e-01    
1.71340e+00     -6.63900e-01    
1.71470e+00     -6.67003e-01    
1.71600e+00     -6.69582e-01    
1.71730e+00     -6.71253e-01    
1.71860e+00     -6.71838e-01    
1.71990e+00     -6.71105e-01    
1.72120e+00     -6.69048e-01    
1.72250e+00     -6.66195e-01    
1.72380e+00     -6.63057e-01    
1.72510e+00     -6.60210e-01    
1.72640e+00     -6.58374e-01    
1.72770e+00     -6.58374e-01    
1.72900e+00     -6.59944e-01    
1.73030e+00     -6.62461e-01    
1.73160e+00     -6.65541e-01    
1.73290e+00     -6.68491e-01    
1.73420e+00     -6.70630e-01    
1.73550e+00     -6.71723e-01    
1.73680e+00     -6.71589e-01    
1.73810e+00     -6.70131e-01    
1.73940e+00     -6.67627e-01    
1.74070e+00     -6.64537e-01    
1.74200e+00     -6.61423e-01    
1.74330e+00     -6.59032e-01    
1.74460e+00     -6.58246e-01    
1.74590e+00     -6.59142e-01    
1.74720e+00     -6.61259e-01    
1.74850e+00     -6.64110e-01    
1.74980e+00     -6.67211e-01    
1.75110e+00     -6.69738e-01    
1.75240e+00     -6.71324e-01    
1.75370e+00     -6.71832e-01    
1.75500e+00     -6.71028e-01    
1.75630e+00     -6.68905e-01    
1.75760e+00     -6.66014e-01    
1.75890e+00     -6.62864e-01    
1.76020e+00     -6.60067e-01    
1.76150e+00     -6.58320e-01    
1.76280e+00     -6.58425e-01    
1.76410e+00     -6.60077e-01    
1.76540e+00     -6.62643e-01    
1.76670e+00     -6.65736e-01    
1.76800e+00     -6.68636e-01    
1.76930e+00     -6.70735e-01    
1.77060e+00     -6.71755e-01    
1.77190e+00     -6.71533e-01    
1.77320e+00     -6.69986e-01    
1.77450e+00     -6.67433e-01    
1.77580e+00     -6.64328e-01    
1.77710e+00     -6.61234e-01    
1.77840e+00     -6.58915e-01    
1.77970e+00     -6.58259e-01    
1.78100e+00     -6.59247e-01    
1.78230e+00     -6.61426e-01    
1.78360e+00     -6.64319e-01    
1.78490e+00     -6.67414e-01    
1.78620e+00     -6.69883e-01    
1.78750e+00     -6.71393e-01    
1.78880e+00     -6.71822e-01    
1.79010e+00     -6.70943e-01    
1.79140e+00     -6.68760e-01    
1.79270e+00     -6.65839e-01    
1.79400e+00     -6.62684e-01    
1.79530e+00     -6.59936e-01    
1.79660e+00     -6.58295e-01    
1.79790e+00     -6.58506e-01    
1.79920e+00     -6.60232e-01    
1.80050e+00     -6.62840e-01    
1.80180e+00     -6.65941e-01    
1.80310e+00     -6.68786e-01    
1.80440e+00     -6.70834e-01    
1.80570e+00     -6.71782e-01    
1.80700e+00     -6.71475e-01    
1.80830e+00     -6.69849e-01    
1.80960e+00     -6.67243e-01    
1.81090e+00     -6.64135e-01    
1.81220e+00     -6.61073e-01    
1.81350e+00     -6.58827e-01    
1.81480e+00     -6.58281e-01    
1.81610e+00     -6.59363e-01    
1.81740e+00     -6.61597e-01    
1.81870e+00     -6.64532e-01    
1.82000e+00     -6.67623e-01    
1.82130e+00     -6.70031e-01    
1.82260e+00     -6.71471e-01    
1.82390e+00     -6.71819e-01    
1.82520e+00     -6.70856e-01    
1.82650e+00     -6.68617e-01    
1.82780e+00     -6.65667e-01    
1.82910e+00     -6.62508e-01    
1.83040e+00     -6.59815e-01    
1.83170e+00     -6.58286e-01    
1.83300e+00     -6.58619e-01    
1.83430e+00     -6.60404e-01    
1.83560e+00     -6.63051e-01    
1.83690e+00     -6.66149e-01    
1.83820e+00     -6.68942e-01    
1.83950e+00     -6.70929e-01    
1.84080e+00     -6.71804e-01    
1.84210e+00     -6.71414e-01    
1.84340e+00     -6.69711e-01    
1.84470e+00     -6.67061e-01    
1.84600e+00     -6.63949e-01    
1.84730e+00     -6.60926e-01    
1.84860e+00     -6.58753e-01    
1.84990e+00     -6.58305e-01    
1.85120e+00     -6.59476e-01    
1.85250e+00     -6.61760e-01    
1.85380e+00     -6.64735e-01    
1.85510e+00     -6.67817e-01    
1.85640e+00     -6.70167e-01    
1.85770e+00     -6.71537e-01    
1.85900e+00     -6.71797e-01    
1.86030e+00     -6.70748e-01    
1.86160e+00     -6.68464e-01    
1.86290e+00     -6.65479e-01    
1.86420e+00     -6.62323e-01    
1.86550e+00     -6.59684e-01    
1.86680e+00     -6.58270e-01    
1.86810e+00     -6.58724e-01    
1.86940e+00     -6.60569e-01    
1.87070e+00     -6.63252e-01    
1.87200e+00     -6.66351e-01    
1.87330e+00     -6.69094e-01    
1.87460e+00     -6.71014e-01    
1.87590e+00     -6.71814e-01    
1.87720e+00     -6.71345e-01    
1.87850e+00     -6.69568e-01    
1.87980e+00     -6.66874e-01    
1.88110e+00     -6.63758e-01    
1.88240e+00     -6.60776e-01    
1.88370e+00     -6.58677e-01    
1.88500e+00     -6.58327e-01    
1.88630e+00     -6.59580e-01    
1.88760e+00     -6.61915e-01    
1.88890e+00     -6.64919e-01    
1.89020e+00     -6.67970e-01    
1.89150e+00     -6.70272e-01    
1.89280e+00     -6.71589e-01    
1.89410e+00     -6.71755e-01    
1.89540e+00     -6.70622e-01    
1.89670e+00     -6.68292e-01    
1.89800e+00     -6.65279e-01    
1.89930e+00     -6.62132e-01    
1.90060e+00     -6.59542e-01    
1.90190e+00     -6.58251e-01    
1.90320e+00     -6.58817e-01    
1.90450e+00     -6.60714e-01    
1.90580e+00     -6.63427e-01    
1.90710e+00     -6.66532e-01    
1.90840e+00     -6.69222e-01    
1.90970e+00     -6.71077e-01    
1.91100e+00     -6.71807e-01    
1.91230e+00     -6.71263e-01    
1.91360e+00     -6.69405e-01    
1.91490e+00     -6.66668e-01    
1.91620e+00     -6.63555e-01    
1.91750e+00     -6.60606e-01    
1.91880e+00     -6.58580e-01    
1.92010e+00     -6.58326e-01    
1.92140e+00     -6.59670e-01    
1.92270e+00     -6.62057e-01    
1.92400e+00     -6.65081e-01    
1.92530e+00     -6.68109e-01    
1.92660e+00     -6.70363e-01    
1.92790e+00     -6.71624e-01    
1.92920e+00     -6.71698e-01    
1.93050e+00     -6.70476e-01    
1.93180e+00     -6.68097e-01    
1.93310e+00     -6.65058e-01    
1.93440e+00     -6.61917e-01    
1.93570e+00     -6.59379e-01    
1.93700e+00     -6.58237e-01    
1.93830e+00     -6.58901e-01    
1.93960e+00     -6.60860e-01    
1.94090e+00     -6.63606e-01    
1.94220e+00     -6.66710e-01    
1.94350e+00     -6.69356e-01    
1.94480e+00     -6.71145e-01    
1.94610e+00     -6.71814e-01    
1.94740e+00     -6.71193e-01    
1.94870e+00     -6.69247e-01    
1.95000e+00     -6.66463e-01    
1.95130e+00     -6.63345e-01    
1.95260e+00     -6.60431e-01    
1.95390e+00     -6.58478e-01    
1.95520e+00     -6.58327e-01    
1.95650e+00     -6.59765e-01    
1.95780e+00     -6.62212e-01    
1.95910e+00     -6.65262e-01    
