"Lift Convergence"
"Flow Time" "Cl"
9.08250e-04     -2.70615e-01    
1.81650e-03     -3.66194e-01    
2.72475e-03     -4.30366e-01    
3.63300e-03     -4.94337e-01    
4.54125e-03     -5.47158e-01    
5.44950e-03     -5.95920e-01    
6.35775e-03     -6.36222e-01    
7.26600e-03     -6.64739e-01    
8.17425e-03     -6.81868e-01    
9.08250e-03     -6.85864e-01    
9.99075e-03     -6.76201e-01    
1.08990e-02     -6.55622e-01    
1.18072e-02     -6.25915e-01    
1.27155e-02     -5.90541e-01    
1.36237e-02     -5.53499e-01    
1.45320e-02     -5.22181e-01    
1.54402e-02     -4.96829e-01    
1.63485e-02     -4.82321e-01    
1.72567e-02     -4.82265e-01    
1.81650e-02     -4.98434e-01    
1.90732e-02     -5.31092e-01    
1.99815e-02     -5.80242e-01    
2.08897e-02     -6.42517e-01    
2.17980e-02     -7.13979e-01    
2.27062e-02     -7.87491e-01    
2.36145e-02     -8.53712e-01    
2.45227e-02     -9.05794e-01    
2.54310e-02     -9.35953e-01    
2.63392e-02     -9.40524e-01    
2.72475e-02     -9.17504e-01    
2.81557e-02     -8.67808e-01    
2.90640e-02     -7.92773e-01    
2.99722e-02     -6.97050e-01    
3.08805e-02     -5.90569e-01    
3.17888e-02     -4.87824e-01    
3.26970e-02     -4.04479e-01    
3.36052e-02     -3.53014e-01    
3.45135e-02     -3.41044e-01    
3.54218e-02     -3.71390e-01    
3.63300e-02     -4.39491e-01    
3.72382e-02     -5.37889e-01    
3.81465e-02     -6.51030e-01    
3.90548e-02     -7.64991e-01    
3.99630e-02     -8.67095e-01    
4.08712e-02     -9.42753e-01    
4.17795e-02     -9.83199e-01    
4.26878e-02     -9.85218e-01    
4.35960e-02     -9.51684e-01    
4.45042e-02     -8.88644e-01    
4.54125e-02     -8.03439e-01    
4.63208e-02     -7.07939e-01    
4.72290e-02     -6.17060e-01    
4.81372e-02     -5.41590e-01    
4.90455e-02     -4.93006e-01    
4.99538e-02     -4.74116e-01    
5.08620e-02     -4.87410e-01    
5.17702e-02     -5.30852e-01    
5.26785e-02     -5.98792e-01    
5.35868e-02     -6.80311e-01    
5.44950e-02     -7.66905e-01    
5.54032e-02     -8.50419e-01    
5.63115e-02     -9.21989e-01    
5.72198e-02     -9.73001e-01    
5.81280e-02     -9.94428e-01    
5.90362e-02     -9.83298e-01    
5.99445e-02     -9.42406e-01    
6.08528e-02     -8.75883e-01    
6.17610e-02     -7.90614e-01    
6.26692e-02     -6.96654e-01    
6.35775e-02     -6.06020e-01    
6.44858e-02     -5.32857e-01    
6.53940e-02     -4.85080e-01    
6.63022e-02     -4.68310e-01    
6.72105e-02     -4.85130e-01    
6.81188e-02     -5.33177e-01    
6.90270e-02     -6.05269e-01    
6.99352e-02     -6.91009e-01    
7.08435e-02     -7.80459e-01    
7.17518e-02     -8.64828e-01    
7.26600e-02     -9.34725e-01    
7.35682e-02     -9.81307e-01    
7.44765e-02     -9.96554e-01    
7.53848e-02     -9.78676e-01    
7.62930e-02     -9.31695e-01    
7.72012e-02     -8.60107e-01    
7.81095e-02     -7.71378e-01    
7.90178e-02     -6.77718e-01    
7.99260e-02     -5.91386e-01    
8.08342e-02     -5.25803e-01    
8.17425e-02     -4.87304e-01    
8.26508e-02     -4.79811e-01    
8.35590e-02     -5.05698e-01    
8.44672e-02     -5.60382e-01    
8.53755e-02     -6.35465e-01    
8.62838e-02     -7.20247e-01    
8.71920e-02     -8.06127e-01    
8.81002e-02     -8.84336e-01    
8.90085e-02     -9.45920e-01    
8.99168e-02     -9.82144e-01    
9.08250e-02     -9.87005e-01    
9.17332e-02     -9.60408e-01    
9.26415e-02     -9.06873e-01    
9.35498e-02     -8.30983e-01    
9.44580e-02     -7.41370e-01    
9.53662e-02     -6.50621e-01    
9.62745e-02     -5.71119e-01    
9.71828e-02     -5.13503e-01    
9.80910e-02     -4.83899e-01    
9.89992e-02     -4.85554e-01    
9.99075e-02     -5.19920e-01    
1.00816e-01     -5.80680e-01    
1.01724e-01     -6.58746e-01    
1.02632e-01     -7.43516e-01    
1.03540e-01     -8.26815e-01    
1.04449e-01     -8.99811e-01    
1.05357e-01     -9.54411e-01    
1.06265e-01     -9.81351e-01    
1.07174e-01     -9.77282e-01    
1.08082e-01     -9.43307e-01    
1.08990e-01     -8.83583e-01    
1.09898e-01     -8.03847e-01    
1.10806e-01     -7.13668e-01    
1.11715e-01     -6.25764e-01    
1.12623e-01     -5.52740e-01    
1.13531e-01     -5.03250e-01    
1.14440e-01     -4.83039e-01    
1.15348e-01     -4.94539e-01    
1.16256e-01     -5.37393e-01    
1.17164e-01     -6.03595e-01    
1.18072e-01     -6.83571e-01    
1.18981e-01     -7.67669e-01    
1.19889e-01     -8.47902e-01    
1.20797e-01     -9.15102e-01    
1.21706e-01     -9.61683e-01    
1.22614e-01     -9.79217e-01    
1.23522e-01     -9.65751e-01    
1.24430e-01     -9.24331e-01    
1.25338e-01     -8.58431e-01    
1.26247e-01     -7.75162e-01    
1.27155e-01     -6.85188e-01    
1.28063e-01     -6.01348e-01    
1.28972e-01     -5.35807e-01    
1.29880e-01     -4.95430e-01    
1.30788e-01     -4.84603e-01    
1.31696e-01     -5.05750e-01    
1.32604e-01     -5.55863e-01    
1.33513e-01     -6.27040e-01    
1.34421e-01     -7.08498e-01    
1.35329e-01     -7.91555e-01    
1.36238e-01     -8.68085e-01    
1.37146e-01     -9.29397e-01    
1.38054e-01     -9.67321e-01    
1.38962e-01     -9.75474e-01    
1.39870e-01     -9.53073e-01    
1.40779e-01     -9.03950e-01    
1.41687e-01     -8.32403e-01    
1.42595e-01     -7.46048e-01    
1.43504e-01     -6.57578e-01    
1.44412e-01     -5.78767e-01    
1.45320e-01     -5.20547e-01    
1.46228e-01     -4.89195e-01    
1.47136e-01     -4.88066e-01    
1.48045e-01     -5.19133e-01    
1.48953e-01     -5.76640e-01    
1.49861e-01     -6.52091e-01    
1.50770e-01     -7.34494e-01    
1.51678e-01     -8.15914e-01    
1.52586e-01     -8.87877e-01    
1.53494e-01     -9.42550e-01    
1.54402e-01     -9.71018e-01    
1.55311e-01     -9.69463e-01    
1.56219e-01     -9.38537e-01    
1.57127e-01     -8.81969e-01    
1.58036e-01     -8.05341e-01    
1.58944e-01     -7.17288e-01    
1.59852e-01     -6.30952e-01    
1.60760e-01     -5.58094e-01    
1.61668e-01     -5.08013e-01    
1.62577e-01     -4.86324e-01    
1.63485e-01     -4.95594e-01    
1.64393e-01     -5.36218e-01    
1.65302e-01     -6.00238e-01    
1.66210e-01     -6.78418e-01    
1.67118e-01     -7.60884e-01    
1.68026e-01     -8.39855e-01    
1.68934e-01     -9.06435e-01    
1.69843e-01     -9.53307e-01    
1.70751e-01     -9.72042e-01    
1.71659e-01     -9.60544e-01    
1.72568e-01     -9.21388e-01    
1.73476e-01     -8.57784e-01    
1.74384e-01     -7.76687e-01    
1.75292e-01     -6.88157e-01    
1.76200e-01     -6.05059e-01    
1.77109e-01     -5.39470e-01    
1.78017e-01     -4.98375e-01    
1.78925e-01     -4.86375e-01    
1.79834e-01     -5.05814e-01    
1.80742e-01     -5.54204e-01    
1.81650e-01     -6.23901e-01    
1.82558e-01     -7.04062e-01    
1.83466e-01     -7.85982e-01    
1.84375e-01     -8.61730e-01    
1.85283e-01     -9.22826e-01    
1.86191e-01     -9.61253e-01    
1.87100e-01     -9.70548e-01    
1.88008e-01     -9.49799e-01    
1.88916e-01     -9.02378e-01    
1.89824e-01     -8.32567e-01    
1.90732e-01     -7.47651e-01    
1.91641e-01     -6.60117e-01    
1.92549e-01     -5.81635e-01    
1.93457e-01     -5.23337e-01    
1.94366e-01     -4.91423e-01    
1.95274e-01     -4.89336e-01    
1.96182e-01     -5.19112e-01    
1.97090e-01     -5.75400e-01    
1.97998e-01     -6.49784e-01    
1.98907e-01     -7.31268e-01    
1.99815e-01     -8.11923e-01    
2.00723e-01     -8.83416e-01    
2.01632e-01     -9.38044e-01    
2.02540e-01     -9.67017e-01    
2.03448e-01     -9.66393e-01    
2.04356e-01     -9.36608e-01    
2.05264e-01     -8.81247e-01    
2.06173e-01     -8.05812e-01    
2.07081e-01     -7.18638e-01    
2.07989e-01     -6.32847e-01    
2.08898e-01     -5.60071e-01    
2.09806e-01     -5.09796e-01    
2.10714e-01     -4.87570e-01    
2.11622e-01     -4.96023e-01    
2.12530e-01     -5.35788e-01    
2.13439e-01     -5.98989e-01    
2.14347e-01     -6.76490e-01    
2.15255e-01     -7.58334e-01    
2.16164e-01     -8.36823e-01    
2.17072e-01     -9.03159e-01    
2.17980e-01     -9.50118e-01    
2.18888e-01     -9.69271e-01    
2.19796e-01     -9.58511e-01    
2.20705e-01     -9.20173e-01    
2.21613e-01     -8.57441e-01    
2.22521e-01     -7.77165e-01    
2.23430e-01     -6.89211e-01    
2.24338e-01     -6.06420e-01    
2.25246e-01     -5.40830e-01    
2.26154e-01     -4.99503e-01    
2.27062e-01     -4.87081e-01    
2.27971e-01     -5.05899e-01    
2.28879e-01     -5.53637e-01    
2.29787e-01     -6.22780e-01    
2.30696e-01     -7.02445e-01    
2.31604e-01     -7.83933e-01    
2.32512e-01     -8.59357e-01    
2.33420e-01     -9.20355e-01    
2.34328e-01     -9.58937e-01    
2.35237e-01     -9.68638e-01    
2.36145e-01     -9.48486e-01    
2.37053e-01     -9.01707e-01    
2.37962e-01     -8.32542e-01    
2.38870e-01     -7.48177e-01    
2.39778e-01     -6.61013e-01    
2.40686e-01     -5.82677e-01    
2.41594e-01     -5.24380e-01    
2.42503e-01     -4.92286e-01    
2.43411e-01     -4.89862e-01    
2.44319e-01     -5.19162e-01    
2.45228e-01     -5.75001e-01    
2.46136e-01     -6.48968e-01    
2.47044e-01     -7.30101e-01    
2.47952e-01     -8.10457e-01    
2.48860e-01     -8.81740e-01    
2.49769e-01     -9.36326e-01    
2.50677e-01     -9.65458e-01    
2.51585e-01     -9.65164e-01    
2.52494e-01     -9.35793e-01    
2.53402e-01     -8.80883e-01    
2.54310e-01     -8.05907e-01    
2.55218e-01     -7.19086e-01    
2.56126e-01     -6.33509e-01    
2.57035e-01     -5.60783e-01    
2.57943e-01     -5.10459e-01    
2.58851e-01     -4.88051e-01    
2.59759e-01     -4.96217e-01    
2.60668e-01     -5.35666e-01    
2.61576e-01     -5.98557e-01    
2.62484e-01     -6.75797e-01    
2.63393e-01     -7.57393e-01    
2.64301e-01     -8.35688e-01    
2.65209e-01     -9.01918e-01    
2.66117e-01     -9.48888e-01    
2.67026e-01     -9.68186e-01    
2.67934e-01     -9.57690e-01    
2.68842e-01     -9.19652e-01    
2.69750e-01     -8.57246e-01    
2.70658e-01     -7.77280e-01    
2.71567e-01     -6.89555e-01    
2.72475e-01     -6.06893e-01    
2.73383e-01     -5.41321e-01    
2.74291e-01     -4.99924e-01    
2.75200e-01     -4.87365e-01    
2.76108e-01     -5.05960e-01    
2.77016e-01     -5.53471e-01    
2.77925e-01     -6.22413e-01    
2.78833e-01     -7.01892e-01    
2.79741e-01     -7.83209e-01    
2.80649e-01     -8.58493e-01    
2.81558e-01     -9.19439e-01    
2.82466e-01     -9.58056e-01    
2.83374e-01     -9.67889e-01    
2.84282e-01     -9.47946e-01    
2.85190e-01     -9.01395e-01    
2.86099e-01     -8.32464e-01    
2.87007e-01     -7.48304e-01    
2.87915e-01     -6.61286e-01    
2.88823e-01     -5.83021e-01    
2.89732e-01     -5.24749e-01    
2.90640e-01     -4.92611e-01    
2.91548e-01     -4.90086e-01    
2.92457e-01     -5.19228e-01    
2.93365e-01     -5.74913e-01    
2.94273e-01     -6.48728e-01    
2.95181e-01     -7.29724e-01    
2.96090e-01     -8.09956e-01    
2.96998e-01     -8.81143e-01    
2.97906e-01     -9.35692e-01    
2.98814e-01     -9.64856e-01    
2.99722e-01     -9.64661e-01    
3.00631e-01     -9.35429e-01    
3.01539e-01     -8.80676e-01    
3.02447e-01     -8.05863e-01    
3.03355e-01     -7.19177e-01    
3.04264e-01     -6.33691e-01    
3.05172e-01     -5.61004e-01    
3.06080e-01     -5.10687e-01    
3.06989e-01     -4.88236e-01    
3.07897e-01     -4.96319e-01    
3.08805e-01     -5.35666e-01    
3.09713e-01     -5.98452e-01    
3.10622e-01     -6.75596e-01    
3.11530e-01     -7.57096e-01    
3.12438e-01     -8.35306e-01    
3.13346e-01     -9.01482e-01    
3.14254e-01     -9.48435e-01    
3.15163e-01     -9.67763e-01    
3.16071e-01     -9.57345e-01    
3.16979e-01     -9.19403e-01    
3.17887e-01     -8.57105e-01    
3.18796e-01     -7.77250e-01    
3.19704e-01     -6.89612e-01    
3.20612e-01     -6.07010e-01    
3.21521e-01     -5.41465e-01    
3.22429e-01     -5.00067e-01    
3.23337e-01     -4.87480e-01    
3.24245e-01     -5.06019e-01    
3.25153e-01     -5.53462e-01    
3.26062e-01     -6.22340e-01    
3.26970e-01     -7.01747e-01    
3.27878e-01     -7.82997e-01    
3.28786e-01     -8.58216e-01    
3.29695e-01     -9.19127e-01    
3.30603e-01     -9.57734e-01    
3.31511e-01     -9.67593e-01    
3.32419e-01     -9.47706e-01    
3.33328e-01     -9.01221e-01    
3.34236e-01     -8.32364e-01    
3.35144e-01     -7.48276e-01    
3.36053e-01     -6.61317e-01    
3.36961e-01     -5.83094e-01    
3.37869e-01     -5.24851e-01    
3.38777e-01     -4.92722e-01    
3.39685e-01     -4.90183e-01    
3.40594e-01     -5.19293e-01    
3.41502e-01     -5.74938e-01    
3.42410e-01     -6.48705e-01    
3.43318e-01     -7.29652e-01    
3.44227e-01     -8.09832e-01    
3.45135e-01     -8.80968e-01    
3.46043e-01     -9.35481e-01    
3.46951e-01     -9.64632e-01    
3.47860e-01     -9.64448e-01    
3.48768e-01     -9.35246e-01    
3.49676e-01     -8.80533e-01    
3.50585e-01     -8.05771e-01    
3.51493e-01     -7.19133e-01    
3.52401e-01     -6.33688e-01    
3.53309e-01     -5.61034e-01    
3.54217e-01     -5.10742e-01    
3.55126e-01     -4.88301e-01    
3.56034e-01     -4.96381e-01    
3.56942e-01     -5.35712e-01    
3.57850e-01     -5.98476e-01    
3.58759e-01     -6.75591e-01    
3.59667e-01     -7.57053e-01    
3.60575e-01     -8.35223e-01    
3.61483e-01     -9.01364e-01    
3.62392e-01     -9.48288e-01    
3.63300e-01     -9.67604e-01    
3.64208e-01     -9.57191e-01    
3.65117e-01     -9.19263e-01    
3.66025e-01     -8.56989e-01    
3.66933e-01     -7.77163e-01    
3.67841e-01     -6.89560e-01    
3.68749e-01     -6.06990e-01    
3.69658e-01     -5.41476e-01    
3.70566e-01     -5.00102e-01    
3.71474e-01     -4.87531e-01    
3.72382e-01     -5.06078e-01    
3.73291e-01     -5.53516e-01    
3.74199e-01     -6.22382e-01    
3.75107e-01     -7.01767e-01    
3.76015e-01     -7.82987e-01    
3.76924e-01     -8.58171e-01    
3.77832e-01     -9.19053e-01    
3.78740e-01     -9.57632e-01    
3.79649e-01     -9.67473e-01    
3.80557e-01     -9.47584e-01    
3.81465e-01     -9.01101e-01    
3.82373e-01     -8.32254e-01    
3.83281e-01     -7.48186e-01    
3.84190e-01     -6.61253e-01    
3.85098e-01     -5.83061e-01    
3.86006e-01     -5.24849e-01    
3.86914e-01     -4.92749e-01    
3.87823e-01     -4.90233e-01    
3.88731e-01     -5.19359e-01    
3.89639e-01     -5.75009e-01    
3.90547e-01     -6.48769e-01    
3.91456e-01     -7.29700e-01    
3.92364e-01     -8.09856e-01    
3.93272e-01     -8.80960e-01    
3.94181e-01     -9.35440e-01    
3.95089e-01     -9.64557e-01    
3.95997e-01     -9.64351e-01    
3.96905e-01     -9.35136e-01    
3.97813e-01     -8.80418e-01    
3.98722e-01     -8.05659e-01    
3.99630e-01     -7.19034e-01    
4.00538e-01     -6.33611e-01    
4.01446e-01     -5.60989e-01    
4.02355e-01     -5.10729e-01    
4.03263e-01     -4.88320e-01    
4.04171e-01     -4.96428e-01    
4.05079e-01     -5.35776e-01    
4.05988e-01     -5.98551e-01    
4.06896e-01     -6.75662e-01    
4.07804e-01     -7.57110e-01    
4.08713e-01     -8.35256e-01    
4.09621e-01     -9.01371e-01    
4.10529e-01     -9.48261e-01    
4.11437e-01     -9.67548e-01    
4.12345e-01     -9.57110e-01    
4.13254e-01     -9.19165e-01    
4.14162e-01     -8.56881e-01    
4.15070e-01     -7.77055e-01    
4.15978e-01     -6.89463e-01    
4.16887e-01     -6.06916e-01    
4.17795e-01     -5.41433e-01    
4.18703e-01     -5.00092e-01    
4.19611e-01     -4.87555e-01    
4.20520e-01     -5.06134e-01    
4.21428e-01     -5.53593e-01    
4.22336e-01     -6.22469e-01    
4.23245e-01     -7.01851e-01    
4.24153e-01     -7.83057e-01    
4.25061e-01     -8.58217e-01    
4.25969e-01     -9.19073e-01    
4.26877e-01     -9.57616e-01    
4.27786e-01     -9.67424e-01    
4.28694e-01     -9.47508e-01    
4.29602e-01     -9.01003e-01    
4.30510e-01     -8.32142e-01    
4.31419e-01     -7.48072e-01    
4.32327e-01     -6.61152e-01    
4.33235e-01     -5.82984e-01    
4.34143e-01     -5.24806e-01    
4.35052e-01     -4.92742e-01    
4.35960e-01     -4.90262e-01    
4.36868e-01     -5.19425e-01    
4.37777e-01     -5.75099e-01    
4.38685e-01     -6.48867e-01    
4.39593e-01     -7.29794e-01    
4.40501e-01     -8.09939e-01    
4.41409e-01     -8.81017e-01    
4.42318e-01     -9.35465e-01    
4.43226e-01     -9.64542e-01    
4.44134e-01     -9.64298e-01    
4.45042e-01     -9.35055e-01    
4.45951e-01     -8.80313e-01    
4.46859e-01     -8.05541e-01    
4.47767e-01     -7.18914e-01    
4.48675e-01     -6.33507e-01    
4.49584e-01     -5.60914e-01    
4.50492e-01     -5.10688e-01    
4.51400e-01     -4.88320e-01    
4.52309e-01     -4.96469e-01    
4.53217e-01     -5.35846e-01    
4.54125e-01     -5.98646e-01    
4.55033e-01     -6.75763e-01    
4.55941e-01     -7.57205e-01    
4.56850e-01     -8.35336e-01    
4.57758e-01     -9.01427e-01    
4.58666e-01     -9.48282e-01    
4.59574e-01     -9.67532e-01    
4.60483e-01     -9.57058e-01    
4.61391e-01     -9.19087e-01    
4.62299e-01     -8.56777e-01    
4.63207e-01     -7.76939e-01    
4.64116e-01     -6.89351e-01    
4.65024e-01     -6.06820e-01    
4.65932e-01     -5.41369e-01    
4.66841e-01     -5.00066e-01    
4.67749e-01     -4.87569e-01    
4.68657e-01     -5.06191e-01    
4.69565e-01     -5.53680e-01    
4.70473e-01     -6.22574e-01    
4.71382e-01     -7.01958e-01    
4.72290e-01     -7.83158e-01    
4.73198e-01     -8.58298e-01    
4.74106e-01     -9.19130e-01    
4.75015e-01     -9.57634e-01    
4.75923e-01     -9.67402e-01    
4.76831e-01     -9.47450e-01    
4.77739e-01     -9.00912e-01    
4.78648e-01     -8.32030e-01    
4.79556e-01     -7.47950e-01    
4.80464e-01     -6.61037e-01    
4.81373e-01     -5.82893e-01    
4.82281e-01     -5.24747e-01    
4.83189e-01     -4.92722e-01    
4.84097e-01     -4.90285e-01    
4.85005e-01     -5.19490e-01    
4.85914e-01     -5.75194e-01    
4.86822e-01     -6.48979e-01    
4.87730e-01     -7.29908e-01    
4.88638e-01     -8.10044e-01    
4.89547e-01     -8.81099e-01    
4.90455e-01     -9.35515e-01    
4.91363e-01     -9.64550e-01    
4.92271e-01     -9.64263e-01    
4.93180e-01     -9.34986e-01    
4.94088e-01     -8.80211e-01    
4.94996e-01     -8.05421e-01    
4.95905e-01     -7.18788e-01    
4.96813e-01     -6.33392e-01    
4.97721e-01     -5.60826e-01    
4.98629e-01     -5.10640e-01    
4.99537e-01     -4.88313e-01    
5.00446e-01     -4.96507e-01    
5.01354e-01     -5.35919e-01    
5.02262e-01     -5.98747e-01    
5.03170e-01     -6.75874e-01    
5.04079e-01     -7.57315e-01    
5.04987e-01     -8.35432e-01    
5.05895e-01     -9.01501e-01    
5.06804e-01     -9.48322e-01    
5.07712e-01     -9.67531e-01    
5.08620e-01     -9.57018e-01    
5.09528e-01     -9.19014e-01    
5.10436e-01     -8.56676e-01    
5.11345e-01     -7.76818e-01    
5.12253e-01     -6.89231e-01    
5.13161e-01     -6.06717e-01    
5.14069e-01     -5.41297e-01    
5.14978e-01     -5.00034e-01    
5.15886e-01     -4.87579e-01    
5.16794e-01     -5.06245e-01    
5.17703e-01     -5.53769e-01    
5.18611e-01     -6.22685e-01    
5.19519e-01     -7.02075e-01    
5.20427e-01     -7.83269e-01    
5.21335e-01     -8.58393e-01    
5.22244e-01     -9.19200e-01    
5.23152e-01     -9.57666e-01    
5.24060e-01     -9.67391e-01    
5.24969e-01     -9.47400e-01    
5.25877e-01     -9.00827e-01    
5.26785e-01     -8.31917e-01    
5.27693e-01     -7.47824e-01    
5.28601e-01     -6.60917e-01    
5.29510e-01     -5.82795e-01    
5.30418e-01     -5.24682e-01    
5.31326e-01     -4.92698e-01    
5.32234e-01     -4.90304e-01    
5.33143e-01     -5.19555e-01    
5.34051e-01     -5.75293e-01    
5.34959e-01     -6.49094e-01    
5.35868e-01     -7.30027e-01    
5.36776e-01     -8.10157e-01    
5.37684e-01     -8.81191e-01    
5.38592e-01     -9.35577e-01    
5.39500e-01     -9.64567e-01    
5.40409e-01     -9.64236e-01    
5.41317e-01     -9.34922e-01    
5.42225e-01     -8.80113e-01    
5.43133e-01     -8.05299e-01    
5.44042e-01     -7.18660e-01    
5.44950e-01     -6.33273e-01    
5.45858e-01     -5.60737e-01    
5.46767e-01     -5.10587e-01    
5.47675e-01     -4.88304e-01    
5.48583e-01     -4.96544e-01    
5.49491e-01     -5.35993e-01    
5.50399e-01     -5.98850e-01    
5.51308e-01     -6.75990e-01    
5.52216e-01     -7.57431e-01    
5.53124e-01     -8.35535e-01    
5.54033e-01     -9.01581e-01    
5.54941e-01     -9.48367e-01    
5.55849e-01     -9.67537e-01    
5.56757e-01     -9.56983e-01    
5.57665e-01     -9.18943e-01    
5.58574e-01     -8.56575e-01    
5.59482e-01     -7.76698e-01    
5.60390e-01     -6.89111e-01    
5.61298e-01     -6.06610e-01    
5.62207e-01     -5.41224e-01    
5.63115e-01     -5.00000e-01    
5.64023e-01     -4.87587e-01    
5.64932e-01     -5.06301e-01    
5.65840e-01     -5.53861e-01    
5.66748e-01     -6.22797e-01    
5.67656e-01     -7.02194e-01    
5.68564e-01     -7.83385e-01    
5.69473e-01     -8.58492e-01    
5.70381e-01     -9.19275e-01    
5.71289e-01     -9.57703e-01    
5.72197e-01     -9.67385e-01    
5.73106e-01     -9.47353e-01    
5.74014e-01     -9.00742e-01    
5.74922e-01     -8.31806e-01    
5.75831e-01     -7.47699e-01    
5.76739e-01     -6.60797e-01    
5.77647e-01     -5.82697e-01    
5.78555e-01     -5.24616e-01    
5.79463e-01     -4.92673e-01    
5.80372e-01     -4.90322e-01    
5.81280e-01     -5.19619e-01    
5.82188e-01     -5.75392e-01    
5.83097e-01     -6.49210e-01    
5.84005e-01     -7.30148e-01    
5.84913e-01     -8.10272e-01    
5.85821e-01     -8.81286e-01    
5.86729e-01     -9.35639e-01    
5.87638e-01     -9.64587e-01    
5.88546e-01     -9.64210e-01    
5.89454e-01     -9.34859e-01    
5.90362e-01     -8.80017e-01    
5.91271e-01     -8.05179e-01    
5.92179e-01     -7.18531e-01    
5.93087e-01     -6.33155e-01    
5.93996e-01     -5.60647e-01    
5.94904e-01     -5.10532e-01    
5.95812e-01     -4.88294e-01    
5.96720e-01     -4.96582e-01    
5.97628e-01     -5.36066e-01    
5.98537e-01     -5.98954e-01    
5.99445e-01     -6.76106e-01    
6.00353e-01     -7.57548e-01    
6.01261e-01     -8.35639e-01    
6.02170e-01     -9.01664e-01    
6.03078e-01     -9.48415e-01    
6.03986e-01     -9.67546e-01    
6.04895e-01     -9.56948e-01    
6.05803e-01     -9.18875e-01    
6.06711e-01     -8.56475e-01    
6.07619e-01     -7.76579e-01    
6.08527e-01     -6.88990e-01    
6.09436e-01     -6.06504e-01    
6.10344e-01     -5.41148e-01    
6.11252e-01     -4.99965e-01    
6.12161e-01     -4.87595e-01    
6.13069e-01     -5.06356e-01    
6.13977e-01     -5.53950e-01    
6.14885e-01     -6.22910e-01    
6.15793e-01     -7.02315e-01    
6.16702e-01     -7.83501e-01    
6.17610e-01     -8.58593e-01    
6.18518e-01     -9.19352e-01    
6.19426e-01     -9.57740e-01    
6.20335e-01     -9.67378e-01    
6.21243e-01     -9.47307e-01    
6.22151e-01     -9.00658e-01    
6.23060e-01     -8.31695e-01    
6.23968e-01     -7.47574e-01    
6.24876e-01     -6.60675e-01    
6.25784e-01     -5.82597e-01    
6.26692e-01     -5.24550e-01    
6.27601e-01     -4.92646e-01    
6.28509e-01     -4.90341e-01    
6.29417e-01     -5.19683e-01    
6.30325e-01     -5.75490e-01    
6.31234e-01     -6.49327e-01    
6.32142e-01     -7.30269e-01    
6.33050e-01     -8.10387e-01    
6.33959e-01     -8.81381e-01    
6.34867e-01     -9.35703e-01    
6.35775e-01     -9.64608e-01    
6.36683e-01     -9.64188e-01    
6.37591e-01     -9.34797e-01    
6.38500e-01     -8.79922e-01    
6.39408e-01     -8.05059e-01    
6.40316e-01     -7.18403e-01    
6.41225e-01     -6.33037e-01    
6.42133e-01     -5.60556e-01    
6.43041e-01     -5.10479e-01    
6.43949e-01     -4.88284e-01    
6.44857e-01     -4.96618e-01    
