"Lift Convergence"
"Flow Time" "Cl"
6.28360e-04     -2.42366e-01    
1.25672e-03     -3.21784e-01    
1.88508e-03     -3.74192e-01    
2.51344e-03     -4.23003e-01    
3.14180e-03     -4.68867e-01    
3.77016e-03     -5.14279e-01    
4.39852e-03     -5.58951e-01    
5.02688e-03     -6.03463e-01    
5.65524e-03     -6.46211e-01    
6.28360e-03     -6.85219e-01    
6.91196e-03     -7.18466e-01    
7.54032e-03     -7.44306e-01    
8.16868e-03     -7.60611e-01    
8.79704e-03     -7.66103e-01    
9.42540e-03     -7.59829e-01    
1.00538e-02     -7.41446e-01    
1.06821e-02     -7.11071e-01    
1.13105e-02     -6.67843e-01    
1.19388e-02     -6.13028e-01    
1.25672e-02     -5.49114e-01    
1.31956e-02     -4.79828e-01    
1.38239e-02     -4.09799e-01    
1.44523e-02     -3.43984e-01    
1.50806e-02     -2.87781e-01    
1.57090e-02     -2.46520e-01    
1.63374e-02     -2.24702e-01    
1.69657e-02     -2.25961e-01    
1.75941e-02     -2.51324e-01    
1.82224e-02     -3.00906e-01    
1.88508e-02     -3.73671e-01    
1.94792e-02     -4.66648e-01    
2.01075e-02     -5.74294e-01    
2.07359e-02     -6.90839e-01    
2.13642e-02     -8.11323e-01    
2.19926e-02     -9.28556e-01    
2.26210e-02     -1.03214e+00    
2.32493e-02     -1.11253e+00    
2.38777e-02     -1.16099e+00    
2.45060e-02     -1.17478e+00    
2.51344e-02     -1.15541e+00    
2.57628e-02     -1.10594e+00    
2.63911e-02     -1.02981e+00    
2.70195e-02     -9.28540e-01    
2.76478e-02     -8.10383e-01    
2.82762e-02     -6.85047e-01    
2.89046e-02     -5.63532e-01    
2.95329e-02     -4.55637e-01    
3.01613e-02     -3.67984e-01    
3.07896e-02     -3.04706e-01    
3.14180e-02     -2.67929e-01    
3.20464e-02     -2.57748e-01    
3.26747e-02     -2.74556e-01    
3.33031e-02     -3.17440e-01    
3.39314e-02     -3.84578e-01    
3.45598e-02     -4.72457e-01    
3.51882e-02     -5.79552e-01    
3.58165e-02     -7.02866e-01    
3.64449e-02     -8.36822e-01    
3.70732e-02     -9.70936e-01    
3.77016e-02     -1.09174e+00    
3.83300e-02     -1.18791e+00    
3.89583e-02     -1.25242e+00    
3.95867e-02     -1.28248e+00    
4.02150e-02     -1.28022e+00    
4.08434e-02     -1.24917e+00    
4.14718e-02     -1.19318e+00    
4.21001e-02     -1.11258e+00    
4.27285e-02     -1.00596e+00    
4.33568e-02     -8.80389e-01    
4.39852e-02     -7.44150e-01    
4.46136e-02     -6.08400e-01    
4.52419e-02     -4.84367e-01    
4.58703e-02     -3.81336e-01    
4.64986e-02     -3.04566e-01    
4.71270e-02     -2.56395e-01    
4.77554e-02     -2.37037e-01    
4.83837e-02     -2.46299e-01    
4.90121e-02     -2.84032e-01    
4.96404e-02     -3.48259e-01    
5.02688e-02     -4.36591e-01    
5.08972e-02     -5.48301e-01    
5.15255e-02     -6.80422e-01    
5.21539e-02     -8.25944e-01    
5.27822e-02     -9.71782e-01    
5.34106e-02     -1.10359e+00    
5.40390e-02     -1.20875e+00    
5.46673e-02     -1.28022e+00    
5.52957e-02     -1.31668e+00    
5.59240e-02     -1.31947e+00    
5.65524e-02     -1.29316e+00    
5.71808e-02     -1.24061e+00    
5.78091e-02     -1.16355e+00    
5.84375e-02     -1.05916e+00    
5.90658e-02     -9.33221e-01    
5.96942e-02     -7.93210e-01    
6.03226e-02     -6.50727e-01    
6.09509e-02     -5.17837e-01    
6.15793e-02     -4.04458e-01    
6.22076e-02     -3.16870e-01    
6.28360e-02     -2.58114e-01    
6.34644e-02     -2.28564e-01    
6.40927e-02     -2.28076e-01    
6.47211e-02     -2.56550e-01    
6.53494e-02     -3.12782e-01    
6.59778e-02     -3.94663e-01    
6.66062e-02     -5.00326e-01    
6.72345e-02     -6.29188e-01    
6.78629e-02     -7.75108e-01    
6.84912e-02     -9.25837e-01    
6.91196e-02     -1.06681e+00    
6.97480e-02     -1.18408e+00    
7.03763e-02     -1.26855e+00    
7.10047e-02     -1.31755e+00    
7.16330e-02     -1.33136e+00    
7.22614e-02     -1.31478e+00    
7.28898e-02     -1.27048e+00    
7.35181e-02     -1.20201e+00    
7.41465e-02     -1.10625e+00    
7.47748e-02     -9.85741e-01    
7.54032e-02     -8.48077e-01    
7.60316e-02     -7.03365e-01    
7.66599e-02     -5.64278e-01    
7.72883e-02     -4.41522e-01    
7.79166e-02     -3.43005e-01    
7.85450e-02     -2.72678e-01    
7.91734e-02     -2.31817e-01    
7.98017e-02     -2.20162e-01    
8.04301e-02     -2.37654e-01    
8.10584e-02     -2.83756e-01    
8.16868e-02     -3.56650e-01    
8.23152e-02     -4.54007e-01    
8.29435e-02     -5.75294e-01    
8.35719e-02     -7.16754e-01    
8.42002e-02     -8.68341e-01    
8.48286e-02     -1.01586e+00    
8.54570e-02     -1.14443e+00    
8.60853e-02     -1.24265e+00    
8.67137e-02     -1.30546e+00    
8.73420e-02     -1.33255e+00    
8.79704e-02     -1.32711e+00    
8.85988e-02     -1.29303e+00    
8.92271e-02     -1.23381e+00    
8.98555e-02     -1.14901e+00    
9.04838e-02     -1.03658e+00    
9.11122e-02     -9.04150e-01    
9.17406e-02     -7.60192e-01    
9.23689e-02     -6.16933e-01    
9.29973e-02     -4.86339e-01    
9.36256e-02     -3.77479e-01    
9.42540e-02     -2.95657e-01    
9.48824e-02     -2.43162e-01    
9.55107e-02     -2.20035e-01    
9.61391e-02     -2.26037e-01    
9.67674e-02     -2.61162e-01    
9.73958e-02     -3.23960e-01    
9.80242e-02     -4.12039e-01    
9.86525e-02     -5.24193e-01    
9.92809e-02     -6.58768e-01    
9.99092e-02     -8.08498e-01    
1.00538e-01     -9.59690e-01    
1.01166e-01     -1.09749e+00    
1.01794e-01     -1.20861e+00    
1.02423e-01     -1.28548e+00    
1.03051e-01     -1.32673e+00    
1.03679e-01     -1.33335e+00    
1.04308e-01     -1.31046e+00    
1.04936e-01     -1.26054e+00    
1.05564e-01     -1.18606e+00    
1.06193e-01     -1.08394e+00    
1.06821e-01     -9.58677e-01    
1.07450e-01     -8.17803e-01    
1.08078e-01     -6.72505e-01    
1.08706e-01     -5.35526e-01    
1.09335e-01     -4.17119e-01    
1.09963e-01     -3.24068e-01    
1.10591e-01     -2.59820e-01    
1.11220e-01     -2.25017e-01    
1.11848e-01     -2.19532e-01    
1.12476e-01     -2.43226e-01    
1.13105e-01     -2.95208e-01    
1.13733e-01     -3.73569e-01    
1.14362e-01     -4.76114e-01    
1.14990e-01     -6.02562e-01    
1.15618e-01     -7.47746e-01    
1.16247e-01     -9.00102e-01    
1.16875e-01     -1.04510e+00    
1.17503e-01     -1.16818e+00    
1.18132e-01     -1.25927e+00    
1.18760e-01     -1.31469e+00    
1.19388e-01     -1.33441e+00    
1.20017e-01     -1.32279e+00    
1.20645e-01     -1.28301e+00    
1.21273e-01     -1.21883e+00    
1.21902e-01     -1.12795e+00    
1.22530e-01     -1.01073e+00    
1.23159e-01     -8.74917e-01    
1.23787e-01     -7.29933e-01    
1.24415e-01     -5.88283e-01    
1.25044e-01     -4.61276e-01    
1.25672e-01     -3.57585e-01    
1.26300e-01     -2.81571e-01    
1.26929e-01     -2.35084e-01    
1.27557e-01     -2.17999e-01    
1.28185e-01     -2.30031e-01    
1.28814e-01     -2.71097e-01    
1.29442e-01     -3.39367e-01    
1.30071e-01     -4.32441e-01    
1.30699e-01     -5.49784e-01    
1.31327e-01     -6.88407e-01    
1.31956e-01     -8.39689e-01    
1.32584e-01     -9.89494e-01    
1.33212e-01     -1.12292e+00    
1.33841e-01     -1.22749e+00    
1.34469e-01     -1.29706e+00    
1.35097e-01     -1.33092e+00    
1.35726e-01     -1.33116e+00    
1.36354e-01     -1.30245e+00    
1.36982e-01     -1.24764e+00    
1.37611e-01     -1.16793e+00    
1.38239e-01     -1.06016e+00    
1.38868e-01     -9.30976e-01    
1.39496e-01     -7.88040e-01    
1.40124e-01     -6.43401e-01    
1.40753e-01     -5.09425e-01    
1.41381e-01     -3.95733e-01    
1.42009e-01     -3.08421e-01    
1.42638e-01     -2.50223e-01    
1.43266e-01     -2.21388e-01    
1.43894e-01     -2.21795e-01    
1.44523e-01     -2.51417e-01    
1.45151e-01     -3.09003e-01    
1.45780e-01     -3.92428e-01    
1.46408e-01     -4.99898e-01    
1.47036e-01     -6.30802e-01    
1.47665e-01     -7.78730e-01    
1.48293e-01     -9.30878e-01    
1.48921e-01     -1.07250e+00    
1.49550e-01     -1.18969e+00    
