"Lift Convergence"
"Flow Time" "Cl"
4.39390e-04     -2.23173e-01    
8.78780e-04     -2.85526e-01    
1.31817e-03     -3.24218e-01    
1.75756e-03     -3.60195e-01    
2.19695e-03     -3.95233e-01    
2.63634e-03     -4.29817e-01    
3.07573e-03     -4.64009e-01    
3.51512e-03     -4.97972e-01    
3.95451e-03     -5.32483e-01    
4.39390e-03     -5.67657e-01    
4.83329e-03     -6.03454e-01    
5.27268e-03     -6.39784e-01    
5.71207e-03     -6.76488e-01    
6.15146e-03     -7.13176e-01    
6.59085e-03     -7.49200e-01    
7.03024e-03     -7.83607e-01    
7.46963e-03     -8.15513e-01    
7.90902e-03     -8.43911e-01    
8.34841e-03     -8.67690e-01    
8.78780e-03     -8.85922e-01    
9.22719e-03     -8.97613e-01    
9.66658e-03     -9.01981e-01    
1.01060e-02     -8.98306e-01    
1.05454e-02     -8.86073e-01    
1.09847e-02     -8.65097e-01    
1.14241e-02     -8.35250e-01    
1.18635e-02     -7.96624e-01    
1.23029e-02     -7.49482e-01    
1.27423e-02     -6.94589e-01    
1.31817e-02     -6.32580e-01    
1.36211e-02     -5.63732e-01    
1.40605e-02     -4.89097e-01    
1.44999e-02     -4.10797e-01    
1.49393e-02     -3.33570e-01    
1.53786e-02     -2.63312e-01    
1.58180e-02     -2.05291e-01    
1.62574e-02     -1.63096e-01    
1.66968e-02     -1.38560e-01    
1.71362e-02     -1.32178e-01    
1.75756e-02     -1.43399e-01    
1.80150e-02     -1.71099e-01    
1.84544e-02     -2.14537e-01    
1.88938e-02     -2.73785e-01    
1.93332e-02     -3.47822e-01    
1.97726e-02     -4.35755e-01    
2.02119e-02     -5.37447e-01    
2.06513e-02     -6.50201e-01    
2.10907e-02     -7.67095e-01    
2.15301e-02     -8.79994e-01    
2.19695e-02     -9.82367e-01    
2.24089e-02     -1.07088e+00    
2.28483e-02     -1.14437e+00    
2.32877e-02     -1.20215e+00    
2.37271e-02     -1.24389e+00    
2.41664e-02     -1.26946e+00    
2.46058e-02     -1.27883e+00    
2.50452e-02     -1.27228e+00    
2.54846e-02     -1.25020e+00    
2.59240e-02     -1.21307e+00    
