"Drag Convergence"
"Flow Time" "Cd"
9.08250e-04     7.30091e-01     
1.81650e-03     8.10141e-01     
2.72475e-03     7.72291e-01     
3.63300e-03     7.16162e-01     
4.54125e-03     6.58281e-01     
5.44950e-03     6.06564e-01     
6.35775e-03     5.65782e-01     
7.26600e-03     5.32210e-01     
8.17425e-03     5.05042e-01     
9.08250e-03     4.81489e-01     
9.99075e-03     4.59870e-01     
1.08990e-02     4.37997e-01     
1.18072e-02     4.16970e-01     
1.27155e-02     3.97105e-01     
1.36237e-02     3.79896e-01     
1.45320e-02     3.69401e-01     
1.54402e-02     3.63369e-01     
1.63485e-02     3.60473e-01     
1.72567e-02     3.60507e-01     
1.81650e-02     3.61814e-01     
1.90732e-02     3.62651e-01     
1.99815e-02     3.62066e-01     
2.08897e-02     3.61577e-01     
2.17980e-02     3.64259e-01     
2.27062e-02     3.73114e-01     
2.36145e-02     3.89484e-01     
2.45227e-02     4.10267e-01     
2.54310e-02     4.29882e-01     
2.63392e-02     4.45532e-01     
2.72475e-02     4.52682e-01     
2.81557e-02     4.50047e-01     
2.90640e-02     4.39034e-01     
2.99722e-02     4.21853e-01     
3.08805e-02     4.06782e-01     
3.17888e-02     4.04611e-01     
3.26970e-02     4.21592e-01     
3.36052e-02     4.53148e-01     
3.45135e-02     4.88125e-01     
3.54218e-02     5.13811e-01     
3.63300e-02     5.24699e-01     
3.72382e-02     5.20377e-01     
3.81465e-02     5.07762e-01     
3.90548e-02     4.96361e-01     
3.99630e-02     4.97540e-01     
4.08712e-02     5.13779e-01     
4.17795e-02     5.37553e-01     
4.26878e-02     5.57029e-01     
4.35960e-02     5.63408e-01     
4.45042e-02     5.54402e-01     
4.54125e-02     5.31989e-01     
4.63208e-02     5.05214e-01     
4.72290e-02     4.86828e-01     
4.81372e-02     4.82979e-01     
4.90455e-02     4.92870e-01     
4.99538e-02     5.07528e-01     
5.08620e-02     5.18219e-01     
5.17702e-02     5.21117e-01     
5.26785e-02     5.14833e-01     
5.35868e-02     5.03638e-01     
5.44950e-02     4.90892e-01     
5.54032e-02     4.83442e-01     
5.63115e-02     4.86049e-01     
5.72198e-02     4.97203e-01     
5.81280e-02     5.10844e-01     
5.90362e-02     5.19670e-01     
5.99445e-02     5.18581e-01     
6.08528e-02     5.06430e-01     
6.17610e-02     4.84965e-01     
6.26692e-02     4.62003e-01     
6.35775e-02     4.47505e-01     
6.44858e-02     4.48490e-01     
6.53940e-02     4.62646e-01     
6.63022e-02     4.80189e-01     
6.72105e-02     4.94671e-01     
6.81188e-02     5.00374e-01     
6.90270e-02     4.96538e-01     
6.99352e-02     4.87627e-01     
7.08435e-02     4.78020e-01     
7.17518e-02     4.74153e-01     
7.26600e-02     4.80287e-01     
7.35682e-02     4.93966e-01     
7.44765e-02     5.08583e-01     
7.53848e-02     5.17090e-01     
7.62930e-02     5.14906e-01     
7.72012e-02     5.01809e-01     
7.81095e-02     4.79960e-01     
7.90178e-02     4.59575e-01     
7.99260e-02     4.49429e-01     
8.08342e-02     4.54398e-01     
8.17425e-02     4.69555e-01     
8.26508e-02     4.85528e-01     
8.35590e-02     4.96147e-01     
8.44672e-02     4.98905e-01     
8.53755e-02     4.93075e-01     
8.62838e-02     4.83560e-01     
8.71920e-02     4.75268e-01     
8.81002e-02     4.74190e-01     
8.90085e-02     4.82395e-01     
8.99168e-02     4.95816e-01     
9.08250e-02     5.08165e-01     
9.17332e-02     5.12991e-01     
9.26415e-02     5.07148e-01     
9.35498e-02     4.91431e-01     
9.44580e-02     4.69713e-01     
9.53662e-02     4.51698e-01     
9.62745e-02     4.45695e-01     
9.71828e-02     4.53833e-01     
9.80910e-02     4.69140e-01     
9.89992e-02     4.83836e-01     
9.99075e-02     4.92108e-01     
1.00816e-01     4.92528e-01     
1.01724e-01     4.85989e-01     
1.02632e-01     4.77222e-01     
1.03540e-01     4.71064e-01     
1.04449e-01     4.72721e-01     
1.05357e-01     4.82990e-01     
1.06265e-01     4.96183e-01     
1.07174e-01     5.06829e-01     
1.08082e-01     5.08733e-01     
1.08990e-01     5.00118e-01     
1.09898e-01     4.82049e-01     
1.10806e-01     4.60967e-01     
1.11715e-01     4.46144e-01     
1.12623e-01     4.44489e-01     
1.13531e-01     4.55381e-01     
1.14440e-01     4.70835e-01     
1.15348e-01     4.84166e-01     
1.16256e-01     4.90769e-01     
1.17164e-01     4.88552e-01     
1.18072e-01     4.81241e-01     
1.18981e-01     4.73021e-01     
1.19889e-01     4.69348e-01     
1.20797e-01     4.73784e-01     
1.21706e-01     4.85453e-01     
1.22614e-01     4.98298e-01     
1.23522e-01     5.06382e-01     
1.24430e-01     5.05022e-01     
1.25338e-01     4.93530e-01     
1.26247e-01     4.73621e-01     
1.27155e-01     4.53684e-01     
1.28063e-01     4.42456e-01     
1.28972e-01     4.45088e-01     
1.29880e-01     4.58022e-01     
1.30788e-01     4.72911e-01     
1.31696e-01     4.83873e-01     
1.32604e-01     4.88292e-01     
1.33513e-01     4.84303e-01     
1.34421e-01     4.76700e-01     
1.35329e-01     4.69647e-01     
1.36238e-01     4.68499e-01     
1.37146e-01     4.75609e-01     
1.38054e-01     4.87944e-01     
1.38962e-01     4.99868e-01     
1.39870e-01     5.05135e-01     
1.40779e-01     5.00489e-01     
1.41687e-01     4.86442e-01     
1.42595e-01     4.65956e-01     
1.43504e-01     4.47956e-01     
1.44412e-01     4.40720e-01     
1.45320e-01     4.47139e-01     
1.46228e-01     4.61324e-01     
1.47136e-01     4.75562e-01     
1.48045e-01     4.84229e-01     
1.48953e-01     4.85947e-01     
1.49861e-01     4.80813e-01     
1.50770e-01     4.73257e-01     
1.51678e-01     4.67863e-01     
1.52586e-01     4.69194e-01     
1.53494e-01     4.78631e-01     
1.54402e-01     4.91107e-01     
1.55311e-01     5.01532e-01     
1.56219e-01     5.03768e-01     
1.57127e-01     4.95945e-01     
1.58036e-01     4.78957e-01     
1.58944e-01     4.58441e-01     
1.59852e-01     4.43329e-01     
1.60760e-01     4.40576e-01     
1.61668e-01     4.50180e-01     
1.62577e-01     4.64952e-01     
1.63485e-01     4.78069e-01     
1.64393e-01     4.85155e-01     
1.65302e-01     4.83942e-01     
1.66210e-01     4.77645e-01     
1.67118e-01     4.70301e-01     
1.68026e-01     4.66914e-01     
1.68934e-01     4.70964e-01     
1.69843e-01     4.81957e-01     
1.70751e-01     4.94297e-01     
1.71659e-01     5.02400e-01     
1.72568e-01     5.01486e-01     
1.73476e-01     4.90633e-01     
1.74384e-01     4.71521e-01     
1.75292e-01     4.51802e-01     
1.76200e-01     4.40114e-01     
1.77109e-01     4.41907e-01     
1.78017e-01     4.53978e-01     
1.78925e-01     4.68523e-01     
1.79834e-01     4.79622e-01     
1.80742e-01     4.84520e-01     
1.81650e-01     4.81263e-01     
1.82558e-01     4.74347e-01     
1.83466e-01     4.67797e-01     
1.84375e-01     4.66648e-01     
1.85283e-01     4.73398e-01     
1.86191e-01     4.85284e-01     
1.87100e-01     4.96994e-01     
1.88008e-01     5.02402e-01     
1.88916e-01     4.98117e-01     
1.89824e-01     4.84600e-01     
1.90732e-01     4.64589e-01     
1.91641e-01     4.46576e-01     
1.92549e-01     4.38869e-01     
1.93457e-01     4.44628e-01     
1.94366e-01     4.58373e-01     
1.95274e-01     4.72360e-01     
1.96182e-01     4.81172e-01     
1.97090e-01     4.83377e-01     
1.97998e-01     4.78767e-01     
1.98907e-01     4.71699e-01     
1.99815e-01     4.66614e-01     
2.00723e-01     4.67861e-01     
2.01632e-01     4.77005e-01     
2.02540e-01     4.89202e-01     
2.03448e-01     4.99512e-01     
2.04356e-01     5.01849e-01     
2.05264e-01     4.94322e-01     
2.06173e-01     4.77739e-01     
2.07081e-01     4.57488e-01     
2.07989e-01     4.42245e-01     
2.08898e-01     4.39108e-01     
2.09806e-01     4.48248e-01     
2.10714e-01     4.62764e-01     
2.11622e-01     4.75802e-01     
2.12530e-01     4.83045e-01     
2.13439e-01     4.82202e-01     
2.14347e-01     4.76315e-01     
2.15255e-01     4.69273e-01     
2.16164e-01     4.66000e-01     
2.17072e-01     4.69922e-01     
2.17980e-01     4.80673e-01     
2.18888e-01     4.92830e-01     
2.19796e-01     5.00927e-01     
2.20705e-01     5.00176e-01     
2.21613e-01     4.89545e-01     
2.22521e-01     4.70736e-01     
2.23430e-01     4.51120e-01     
2.24338e-01     4.39281e-01     
2.25246e-01     4.40747e-01     
2.26154e-01     4.52509e-01     
2.27062e-01     4.66909e-01     
2.27971e-01     4.78054e-01     
2.28879e-01     4.83095e-01     
2.29787e-01     4.80120e-01     
2.30696e-01     4.73451e-01     
2.31604e-01     4.67103e-01     
2.32512e-01     4.65957e-01     
2.33420e-01     4.72581e-01     
2.34328e-01     4.84313e-01     
2.35237e-01     4.95934e-01     
2.36145e-01     5.01372e-01     
2.37053e-01     4.97216e-01     
2.37962e-01     4.83892e-01     
2.38870e-01     4.64056e-01     
2.39778e-01     4.46046e-01     
2.40686e-01     4.38168e-01     
2.41594e-01     4.43690e-01     
2.42503e-01     4.57273e-01     
2.43411e-01     4.71158e-01     
2.44319e-01     4.80015e-01     
2.45228e-01     4.82398e-01     
2.46136e-01     4.77985e-01     
2.47044e-01     4.71099e-01     
2.47952e-01     4.66133e-01     
2.48860e-01     4.67356e-01     
2.49769e-01     4.76389e-01     
2.50677e-01     4.88482e-01     
2.51585e-01     4.98745e-01     
2.52494e-01     5.01110e-01     
2.53402e-01     4.93685e-01     
2.54310e-01     4.77255e-01     
2.55218e-01     4.57106e-01     
2.56126e-01     4.41814e-01     
2.57035e-01     4.38536e-01     
2.57943e-01     4.47508e-01     
2.58851e-01     4.61924e-01     
2.59759e-01     4.74926e-01     
2.60668e-01     4.82230e-01     
2.61576e-01     4.81521e-01     
2.62484e-01     4.75786e-01     
2.63393e-01     4.68860e-01     
2.64301e-01     4.65639e-01     
2.65209e-01     4.69516e-01     
2.66117e-01     4.80178e-01     
2.67026e-01     4.92264e-01     
2.67934e-01     5.00352e-01     
2.68842e-01     4.99656e-01     
2.69750e-01     4.89106e-01     
2.70658e-01     4.70408e-01     
2.71567e-01     4.50839e-01     
2.72475e-01     4.38950e-01     
2.73383e-01     4.40296e-01     
2.74291e-01     4.51943e-01     
2.75200e-01     4.66289e-01     
2.76108e-01     4.77440e-01     
2.77016e-01     4.82534e-01     
2.77925e-01     4.79670e-01     
2.78833e-01     4.73093e-01     
2.79741e-01     4.66834e-01     
2.80649e-01     4.65695e-01     
2.81558e-01     4.72279e-01     
2.82466e-01     4.83953e-01     
2.83374e-01     4.95536e-01     
2.84282e-01     5.00977e-01     
2.85190e-01     4.96861e-01     
2.86099e-01     4.83602e-01     
2.87007e-01     4.63832e-01     
2.87915e-01     4.45828e-01     
2.88823e-01     4.37896e-01     
2.89732e-01     4.43337e-01     
2.90640e-01     4.56859e-01     
2.91548e-01     4.70702e-01     
2.92457e-01     4.79571e-01     
2.93365e-01     4.82015e-01     
2.94273e-01     4.77674e-01     
2.95181e-01     4.70860e-01     
2.96090e-01     4.65945e-01     
2.96998e-01     4.67167e-01     
2.97906e-01     4.76162e-01     
2.98814e-01     4.88214e-01     
2.99722e-01     4.98453e-01     
3.00631e-01     5.00821e-01     
3.01539e-01     4.93425e-01     
3.02447e-01     4.77046e-01     
3.03355e-01     4.56937e-01     
3.04264e-01     4.41635e-01     
3.05172e-01     4.38316e-01     
3.06080e-01     4.47231e-01     
3.06989e-01     4.61608e-01     
3.07897e-01     4.74592e-01     
3.08805e-01     4.81915e-01     
3.09713e-01     4.81249e-01     
3.10622e-01     4.75570e-01     
3.11530e-01     4.68690e-01     
3.12438e-01     4.65493e-01     
3.13346e-01     4.69363e-01     
3.14254e-01     4.79992e-01     
3.15163e-01     4.92051e-01     
3.16071e-01     5.00129e-01     
3.16979e-01     4.99446e-01     
3.17887e-01     4.88918e-01     
3.18796e-01     4.70260e-01     
3.19704e-01     4.50712e-01     
3.20612e-01     4.38814e-01     
3.21521e-01     4.40123e-01     
3.22429e-01     4.51733e-01     
3.23337e-01     4.66056e-01     
3.24245e-01     4.77204e-01     
3.25153e-01     4.82312e-01     
3.26062e-01     4.79489e-01     
3.26970e-01     4.72944e-01     
3.27878e-01     4.66724e-01     
3.28786e-01     4.65595e-01     
3.29695e-01     4.72170e-01     
3.30603e-01     4.83822e-01     
3.31511e-01     4.95388e-01     
3.32419e-01     5.00823e-01     
3.33328e-01     4.96712e-01     
3.34236e-01     4.83471e-01     
3.35144e-01     4.63726e-01     
3.36053e-01     4.45730e-01     
3.36961e-01     4.37788e-01     
3.37869e-01     4.43208e-01     
3.38777e-01     4.56711e-01     
3.39685e-01     4.70535e-01     
3.40594e-01     4.79405e-01     
3.41502e-01     4.81863e-01     
3.42410e-01     4.77546e-01     
3.43318e-01     4.70761e-01     
3.44227e-01     4.65870e-01     
3.45135e-01     4.67099e-01     
3.46043e-01     4.76084e-01     
3.46951e-01     4.88121e-01     
3.47860e-01     4.98346e-01     
3.48768e-01     5.00705e-01     
3.49676e-01     4.93313e-01     
3.50585e-01     4.76946e-01     
3.51493e-01     4.56853e-01     
3.52401e-01     4.41555e-01     
3.53309e-01     4.38233e-01     
3.54217e-01     4.47134e-01     
3.55126e-01     4.61497e-01     
3.56034e-01     4.74470e-01     
3.56942e-01     4.81796e-01     
3.57850e-01     4.81139e-01     
3.58759e-01     4.75479e-01     
3.59667e-01     4.68618e-01     
3.60575e-01     4.65437e-01     
3.61483e-01     4.69310e-01     
3.62392e-01     4.79932e-01     
3.63300e-01     4.91979e-01     
3.64208e-01     5.00046e-01     
3.65117e-01     4.99360e-01     
3.66025e-01     4.88832e-01     
3.66933e-01     4.70182e-01     
3.67841e-01     4.50646e-01     
3.68749e-01     4.38754e-01     
3.69658e-01     4.40062e-01     
3.70566e-01     4.51663e-01     
3.71474e-01     4.65976e-01     
3.72382e-01     4.77117e-01     
3.73291e-01     4.82224e-01     
3.74199e-01     4.79412e-01     
3.75107e-01     4.72879e-01     
3.76015e-01     4.66677e-01     
3.76924e-01     4.65557e-01     
3.77832e-01     4.72136e-01     
3.78740e-01     4.83784e-01     
3.79649e-01     4.95338e-01     
3.80557e-01     5.00764e-01     
3.81465e-01     4.96646e-01     
3.82373e-01     4.83404e-01     
3.83281e-01     4.63667e-01     
3.84190e-01     4.45680e-01     
3.85098e-01     4.37747e-01     
3.86006e-01     4.43167e-01     
3.86914e-01     4.56667e-01     
3.87823e-01     4.70481e-01     
3.88731e-01     4.79346e-01     
3.89639e-01     4.81803e-01     
3.90547e-01     4.77492e-01     
3.91456e-01     4.70717e-01     
3.92364e-01     4.65841e-01     
3.93272e-01     4.67079e-01     
3.94181e-01     4.76066e-01     
3.95089e-01     4.88097e-01     
3.95997e-01     4.98312e-01     
3.96905e-01     5.00659e-01     
3.97813e-01     4.93260e-01     
3.98722e-01     4.76888e-01     
3.99630e-01     4.56802e-01     
4.00538e-01     4.41514e-01     
4.01446e-01     4.38204e-01     
4.02355e-01     4.47107e-01     
4.03263e-01     4.61468e-01     
4.04171e-01     4.74432e-01     
4.05079e-01     4.81753e-01     
4.05988e-01     4.81094e-01     
4.06896e-01     4.75438e-01     
4.07804e-01     4.68585e-01     
4.08713e-01     4.65414e-01     
4.09621e-01     4.69297e-01     
4.10529e-01     4.79919e-01     
4.11437e-01     4.91963e-01     
4.12345e-01     5.00019e-01     
4.13254e-01     4.99322e-01     
4.14162e-01     4.88785e-01     
4.15070e-01     4.70134e-01     
4.15978e-01     4.50605e-01     
4.16887e-01     4.38725e-01     
4.17795e-01     4.40043e-01     
4.18703e-01     4.51647e-01     
4.19611e-01     4.65957e-01     
4.20520e-01     4.77089e-01     
4.21428e-01     4.82189e-01     
4.22336e-01     4.79375e-01     
4.23245e-01     4.72846e-01     
4.24153e-01     4.66656e-01     
4.25061e-01     4.65546e-01     
4.25969e-01     4.72133e-01     
4.26877e-01     4.83779e-01     
4.27786e-01     4.95329e-01     
4.28694e-01     5.00743e-01     
4.29602e-01     4.96613e-01     
4.30510e-01     4.83362e-01     
4.31419e-01     4.63626e-01     
4.32327e-01     4.45648e-01     
4.33235e-01     4.37731e-01     
4.34143e-01     4.43163e-01     
4.35052e-01     4.56663e-01     
4.35960e-01     4.70473e-01     
4.36868e-01     4.79332e-01     
4.37777e-01     4.81779e-01     
4.38685e-01     4.77465e-01     
4.39593e-01     4.70695e-01     
4.40501e-01     4.65829e-01     
4.41409e-01     4.67078e-01     
4.42318e-01     4.76071e-01     
4.43226e-01     4.88100e-01     
4.44134e-01     4.98306e-01     
4.45042e-01     5.00641e-01     
4.45951e-01     4.93229e-01     
4.46859e-01     4.76849e-01     
4.47767e-01     4.56764e-01     
4.48675e-01     4.41489e-01     
4.49584e-01     4.38197e-01     
4.50492e-01     4.47110e-01     
4.51400e-01     4.61469e-01     
4.52309e-01     4.74427e-01     
4.53217e-01     4.81742e-01     
4.54125e-01     4.81075e-01     
4.55033e-01     4.75417e-01     
4.55941e-01     4.68567e-01     
4.56850e-01     4.65406e-01     
4.57758e-01     4.69301e-01     
4.58666e-01     4.79925e-01     
4.59574e-01     4.91968e-01     
4.60483e-01     5.00012e-01     
4.61391e-01     4.99303e-01     
4.62299e-01     4.88754e-01     
4.63207e-01     4.70097e-01     
4.64116e-01     4.50573e-01     
4.65024e-01     4.38708e-01     
4.65932e-01     4.40042e-01     
4.66841e-01     4.51654e-01     
4.67749e-01     4.65961e-01     
4.68657e-01     4.77085e-01     
4.69565e-01     4.82173e-01     
4.70473e-01     4.79356e-01     
4.71382e-01     4.72827e-01     
4.72290e-01     4.66643e-01     
4.73198e-01     4.65544e-01     
4.74106e-01     4.72142e-01     
4.75015e-01     4.83791e-01     
4.75923e-01     4.95334e-01     
4.76831e-01     5.00736e-01     
4.77739e-01     4.96592e-01     
4.78648e-01     4.83331e-01     
4.79556e-01     4.63592e-01     
4.80464e-01     4.45624e-01     
4.81373e-01     4.37725e-01     
4.82281e-01     4.43172e-01     
4.83189e-01     4.56677e-01     
4.84097e-01     4.70482e-01     
4.85005e-01     4.79332e-01     
4.85914e-01     4.81769e-01     
4.86822e-01     4.77451e-01     
4.87730e-01     4.70682e-01     
4.88638e-01     4.65823e-01     
4.89547e-01     4.67083e-01     
4.90455e-01     4.76085e-01     
4.91363e-01     4.88113e-01     
4.92271e-01     4.98311e-01     
4.93180e-01     5.00633e-01     
4.94088e-01     4.93207e-01     
4.94996e-01     4.76816e-01     
4.95905e-01     4.56731e-01     
4.96813e-01     4.41471e-01     
4.97721e-01     4.38197e-01     
4.98629e-01     4.47123e-01     
4.99537e-01     4.61483e-01     
5.00446e-01     4.74435e-01     
5.01354e-01     4.81743e-01     
5.02262e-01     4.81064e-01     
5.03170e-01     4.75404e-01     
5.04079e-01     4.68555e-01     
5.04987e-01     4.65403e-01     
5.05895e-01     4.69309e-01     
5.06804e-01     4.79940e-01     
5.07712e-01     4.91980e-01     
5.08620e-01     5.00014e-01     
5.09528e-01     4.99293e-01     
5.10436e-01     4.88729e-01     
5.11345e-01     4.70065e-01     
5.12253e-01     4.50545e-01     
5.13161e-01     4.38696e-01     
5.14069e-01     4.40048e-01     
5.14978e-01     4.51669e-01     
5.15886e-01     4.65976e-01     
5.16794e-01     4.77088e-01     
5.17703e-01     4.82167e-01     
5.18611e-01     4.79344e-01     
5.19519e-01     4.72811e-01     
5.20427e-01     4.66635e-01     
5.21335e-01     4.65545e-01     
5.22244e-01     4.72156e-01     
5.23152e-01     4.83806e-01     
5.24060e-01     4.95345e-01     
5.24969e-01     5.00735e-01     
5.25877e-01     4.96577e-01     
5.26785e-01     4.83303e-01     
5.27693e-01     4.63562e-01     
5.28601e-01     4.45603e-01     
5.29510e-01     4.37723e-01     
5.30418e-01     4.43186e-01     
5.31326e-01     4.56695e-01     
5.32234e-01     4.70498e-01     
5.33143e-01     4.79340e-01     
5.34051e-01     4.81764e-01     
5.34959e-01     4.77440e-01     
5.35868e-01     4.70672e-01     
5.36776e-01     4.65821e-01     
5.37684e-01     4.67092e-01     
5.38592e-01     4.76103e-01     
5.39500e-01     4.88131e-01     
5.40409e-01     4.98320e-01     
5.41317e-01     5.00630e-01     
5.42225e-01     4.93190e-01     
5.43133e-01     4.76786e-01     
5.44042e-01     4.56700e-01     
5.44950e-01     4.41454e-01     
5.45858e-01     4.38202e-01     
5.46767e-01     4.47140e-01     
5.47675e-01     4.61502e-01     
5.48583e-01     4.74448e-01     
5.49491e-01     4.81748e-01     
5.50399e-01     4.81058e-01     
5.51308e-01     4.75394e-01     
5.52216e-01     4.68546e-01     
5.53124e-01     4.65402e-01     
5.54033e-01     4.69321e-01     
5.54941e-01     4.79956e-01     
5.55849e-01     4.91998e-01     
5.56757e-01     5.00019e-01     
5.57665e-01     4.99285e-01     
5.58574e-01     4.88707e-01     
5.59482e-01     4.70033e-01     
5.60390e-01     4.50520e-01     
5.61298e-01     4.38685e-01     
5.62207e-01     4.40055e-01     
5.63115e-01     4.51687e-01     
5.64023e-01     4.65992e-01     
5.64932e-01     4.77096e-01     
5.65840e-01     4.82163e-01     
5.66748e-01     4.79333e-01     
5.67656e-01     4.72799e-01     
5.68564e-01     4.66629e-01     
5.69473e-01     4.65549e-01     
5.70381e-01     4.72170e-01     
5.71289e-01     4.83824e-01     
5.72197e-01     4.95359e-01     
5.73106e-01     5.00736e-01     
5.74014e-01     4.96563e-01     
5.74922e-01     4.83277e-01     
5.75831e-01     4.63533e-01     
5.76739e-01     4.45583e-01     
5.77647e-01     4.37722e-01     
5.78555e-01     4.43201e-01     
5.79463e-01     4.56716e-01     
5.80372e-01     4.70516e-01     
5.81280e-01     4.79350e-01     
5.82188e-01     4.81762e-01     
5.83097e-01     4.77431e-01     
5.84005e-01     4.70664e-01     
5.84913e-01     4.65820e-01     
5.85821e-01     4.67102e-01     
5.86729e-01     4.76122e-01     
5.87638e-01     4.88149e-01     
5.88546e-01     4.98331e-01     
5.89454e-01     5.00627e-01     
5.90362e-01     4.93173e-01     
5.91271e-01     4.76756e-01     
5.92179e-01     4.56672e-01     
5.93087e-01     4.41438e-01     
5.93996e-01     4.38206e-01     
5.94904e-01     4.47158e-01     
5.95812e-01     4.61523e-01     
5.96720e-01     4.74463e-01     
5.97628e-01     4.81755e-01     
5.98537e-01     4.81053e-01     
5.99445e-01     4.75385e-01     
6.00353e-01     4.68538e-01     
6.01261e-01     4.65401e-01     
6.02170e-01     4.69332e-01     
6.03078e-01     4.79974e-01     
6.03986e-01     4.92015e-01     
6.04895e-01     5.00026e-01     
6.05803e-01     4.99278e-01     
6.06711e-01     4.88686e-01     
6.07619e-01     4.70002e-01     
6.08527e-01     4.50495e-01     
6.09436e-01     4.38675e-01     
6.10344e-01     4.40065e-01     
6.11252e-01     4.51706e-01     
6.12161e-01     4.66011e-01     
6.13069e-01     4.77104e-01     
6.13977e-01     4.82160e-01     
6.14885e-01     4.79324e-01     
6.15793e-01     4.72787e-01     
6.16702e-01     4.66623e-01     
6.17610e-01     4.65552e-01     
6.18518e-01     4.72186e-01     
6.19426e-01     4.83843e-01     
6.20335e-01     4.95372e-01     
6.21243e-01     5.00738e-01     
6.22151e-01     4.96550e-01     
6.23060e-01     4.83251e-01     
6.23968e-01     4.63504e-01     
6.24876e-01     4.45564e-01     
6.25784e-01     4.37721e-01     
6.26692e-01     4.43218e-01     
6.27601e-01     4.56738e-01     
6.28509e-01     4.70535e-01     
6.29417e-01     4.79360e-01     
6.30325e-01     4.81760e-01     
6.31234e-01     4.77424e-01     
6.32142e-01     4.70656e-01     
6.33050e-01     4.65818e-01     
6.33959e-01     4.67111e-01     
6.34867e-01     4.76141e-01     
6.35775e-01     4.88169e-01     
6.36683e-01     4.98343e-01     
6.37591e-01     5.00625e-01     
6.38500e-01     4.93158e-01     
6.39408e-01     4.76728e-01     
6.40316e-01     4.56643e-01     
6.41225e-01     4.41423e-01     
6.42133e-01     4.38212e-01     
6.43041e-01     4.47178e-01     
6.43949e-01     4.61543e-01     
6.44857e-01     4.74477e-01     
