"Drag Convergence"
"Flow Time" "Cd"
6.28360e-04     7.83468e-01     
1.25672e-03     8.54211e-01     
1.88508e-03     8.38337e-01     
2.51344e-03     7.92989e-01     
3.14180e-03     7.35418e-01     
3.77016e-03     6.78677e-01     
4.39852e-03     6.27434e-01     
5.02688e-03     5.85634e-01     
5.65524e-03     5.54042e-01     
6.28360e-03     5.31304e-01     
6.91196e-03     5.15811e-01     
7.54032e-03     5.05073e-01     
8.16868e-03     4.96339e-01     
8.79704e-03     4.87314e-01     
9.42540e-03     4.75948e-01     
1.00538e-02     4.60919e-01     
1.06821e-02     4.41164e-01     
1.13105e-02     4.17878e-01     
1.19388e-02     3.92927e-01     
1.25672e-02     3.70224e-01     
1.31956e-02     3.53730e-01     
1.38239e-02     3.46234e-01     
1.44523e-02     3.50020e-01     
1.50806e-02     3.65875e-01     
1.57090e-02     3.93078e-01     
1.63374e-02     4.28298e-01     
1.69657e-02     4.65705e-01     
1.75941e-02     4.98864e-01     
1.82224e-02     5.22563e-01     
1.88508e-02     5.33643e-01     
1.94792e-02     5.32934e-01     
2.01075e-02     5.24841e-01     
2.07359e-02     5.14421e-01     
2.13642e-02     5.10272e-01     
2.19926e-02     5.21970e-01     
2.26210e-02     5.55103e-01     
2.32493e-02     6.07053e-01     
2.38777e-02     6.66109e-01     
2.45060e-02     7.19311e-01     
2.51344e-02     7.55910e-01     
2.57628e-02     7.69582e-01     
2.63911e-02     7.59574e-01     
2.70195e-02     7.27744e-01     
2.76478e-02     6.87230e-01     
2.82762e-02     6.54613e-01     
2.89046e-02     6.43182e-01     
2.95329e-02     6.56357e-01     
3.01613e-02     6.88357e-01     
3.07896e-02     7.29928e-01     
3.14180e-02     7.71550e-01     
3.20464e-02     8.05743e-01     
3.26747e-02     8.25865e-01     
3.33031e-02     8.30158e-01     
3.39314e-02     8.16460e-01     
3.45598e-02     7.85976e-01     
3.51882e-02     7.43358e-01     
3.58165e-02     6.95617e-01     
3.64449e-02     6.56048e-01     
3.70732e-02     6.40005e-01     
3.77016e-02     6.55547e-01     
3.83300e-02     6.98348e-01     
3.89583e-02     7.55255e-01     
3.95867e-02     8.10746e-01     
4.02150e-02     8.53304e-01     
4.08434e-02     8.75649e-01     
4.14718e-02     8.74036e-01     
4.21001e-02     8.48014e-01     
4.27285e-02     7.99235e-01     
4.33568e-02     7.41481e-01     
4.39852e-02     6.91990e-01     
4.46136e-02     6.67987e-01     
4.52419e-02     6.76078e-01     
4.58703e-02     7.10860e-01     
4.64986e-02     7.59776e-01     
4.71270e-02     8.10833e-01     
4.77554e-02     8.54107e-01     
4.83837e-02     8.83207e-01     
4.90121e-02     8.93032e-01     
4.96404e-02     8.82372e-01     
5.02688e-02     8.51415e-01     
5.08972e-02     8.04285e-01     
5.15255e-02     7.49691e-01     
5.21539e-02     7.02241e-01     
5.27822e-02     6.79351e-01     
5.34106e-02     6.91613e-01     
5.40390e-02     7.33827e-01     
5.46673e-02     7.92016e-01     
5.52957e-02     8.50340e-01     
5.59240e-02     8.96254e-01     
5.65524e-02     9.22708e-01     
5.71808e-02     9.24946e-01     
5.78091e-02     9.01512e-01     
5.84375e-02     8.53763e-01     
5.90658e-02     7.92709e-01     
5.96942e-02     7.35536e-01     
6.03226e-02     7.01205e-01     
6.09509e-02     6.99606e-01     
6.15793e-02     7.27965e-01     
6.22076e-02     7.74287e-01     
6.28360e-02     8.25663e-01     
6.34644e-02     8.71755e-01     
6.40927e-02     9.04955e-01     
6.47211e-02     9.20452e-01     
6.53494e-02     9.15375e-01     
6.59778e-02     8.89063e-01     
6.66062e-02     8.43714e-01     
6.72345e-02     7.87639e-01     
6.78629e-02     7.33099e-01     
6.84912e-02     6.97827e-01     
6.91196e-02     6.96720e-01     
6.97480e-02     7.29897e-01     
7.03763e-02     7.84855e-01     
7.10047e-02     8.45264e-01     
7.16330e-02     8.96573e-01     
7.22614e-02     9.30646e-01     
7.28898e-02     9.41345e-01     
7.35181e-02     9.26759e-01     
7.41465e-02     8.86076e-01     
7.47748e-02     8.26592e-01     
7.54032e-02     7.64496e-01     
7.60316e-02     7.19433e-01     
7.66599e-02     7.05250e-01     
7.72883e-02     7.23776e-01     
7.79166e-02     7.65103e-01     
7.85450e-02     8.15968e-01     
7.91734e-02     8.64872e-01     
7.98017e-02     9.03176e-01     
8.04301e-02     9.25935e-01     
8.10584e-02     9.28360e-01     
8.16868e-02     9.09569e-01     
8.23152e-02     8.70268e-01     
8.29435e-02     8.16270e-01     
8.35719e-02     7.58341e-01     
8.42002e-02     7.12689e-01     
8.48286e-02     6.96956e-01     
8.54570e-02     7.17872e-01     
8.60853e-02     7.66446e-01     
8.67137e-02     8.26787e-01     
8.73420e-02     8.82991e-01     
8.79704e-02     9.24502e-01     
8.85988e-02     9.44742e-01     
8.92271e-02     9.40131e-01     
8.98555e-02     9.09072e-01     
9.04838e-02     8.54680e-01     
9.11122e-02     7.91084e-01     
9.17406e-02     7.36807e-01     
9.23689e-02     7.09410e-01     
9.29973e-02     7.15576e-01     
9.36256e-02     7.49577e-01     
9.42540e-02     7.98220e-01     
9.48824e-02     8.49015e-01     
9.55107e-02     8.92334e-01     
9.61391e-02     9.21669e-01     
9.67674e-02     9.32121e-01     
9.73958e-02     9.21614e-01     
9.80242e-02     8.90049e-01     
9.86525e-02     8.40492e-01     
9.92809e-02     7.82293e-01     
9.99092e-02     7.29371e-01     
1.00538e-01     7.00143e-01     
1.01166e-01     7.07260e-01     
1.01794e-01     7.46599e-01     
1.02423e-01     8.04321e-01     
1.03051e-01     8.63957e-01     
1.03679e-01     9.11969e-01     
1.04308e-01     9.41246e-01     
1.04936e-01     9.46344e-01     
1.05564e-01     9.25582e-01     
1.06193e-01     8.79327e-01     
1.06821e-01     8.17389e-01     
1.07450e-01     7.56758e-01     
1.08078e-01     7.17332e-01     
1.08706e-01     7.10249e-01     
1.09335e-01     7.34730e-01     
1.09963e-01     7.79186e-01     
1.10591e-01     8.30427e-01     
1.11220e-01     8.77648e-01     
1.11848e-01     9.12921e-01     
1.12476e-01     9.31427e-01     
1.13105e-01     9.29417e-01     
1.13733e-01     9.05925e-01     
1.14362e-01     8.62441e-01     
1.14990e-01     8.06331e-01     
1.15618e-01     7.49227e-01     
1.16247e-01     7.08327e-01     
1.16875e-01     7.00170e-01     
1.17503e-01     7.28008e-01     
1.18132e-01     7.80496e-01     
1.18760e-01     8.41277e-01     
1.19388e-01     8.94963e-01     
1.20017e-01     9.32547e-01     
1.20645e-01     9.47619e-01     
1.21273e-01     9.37530e-01     
1.21902e-01     9.00835e-01     
1.22530e-01     8.43025e-01     
1.23159e-01     7.79493e-01     
1.23787e-01     7.29537e-01     
1.24415e-01     7.08800e-01     
1.25044e-01     7.21742e-01     
1.25672e-01     7.59901e-01     
1.26300e-01     8.09949e-01     
1.26929e-01     8.59969e-01     
1.27557e-01     9.00708e-01     
1.28185e-01     9.26742e-01     
1.28814e-01     9.32807e-01     
1.29442e-01     9.17828e-01     
1.30071e-01     8.82002e-01     
1.30699e-01     8.29789e-01     
1.31327e-01     7.71169e-01     
1.31956e-01     7.21549e-01     
1.32584e-01     6.99074e-01     
1.33212e-01     7.13626e-01     
1.33841e-01     7.58082e-01     
1.34469e-01     8.17533e-01     
1.35097e-01     8.75636e-01     
1.35726e-01     9.20321e-01     
1.36354e-01     9.45016e-01     
1.36982e-01     9.45005e-01     
1.37611e-01     9.18797e-01     
1.38239e-01     8.67926e-01     
1.38868e-01     8.04702e-01     
1.39496e-01     7.46827e-01     
1.40124e-01     7.13285e-01     
1.40753e-01     7.13167e-01     
1.41381e-01     7.42749e-01     
1.42009e-01     7.89587e-01     
1.42638e-01     8.40779e-01     
1.43266e-01     8.86277e-01     
1.43894e-01     9.18500e-01     
1.44523e-01     9.32889e-01     
1.45151e-01     9.26518e-01     
1.45780e-01     8.98752e-01     
1.46408e-01     8.51878e-01     
1.47036e-01     7.94431e-01     
1.47665e-01     7.39059e-01     
1.48293e-01     7.03749e-01     
1.48921e-01     7.03462e-01     
1.49550e-01     7.37566e-01     
